,Season,GuestName,HostName,y_true,total_line,y_hat,myerror,beterror,errordiff,over_under,my_over_under,win_total_line,true_over,true_under,false_over,false_under,Host_HostRank,Host_GameRank,Guest_GuestRank,Guest_GameRank,game_line,Headsup_GameRank_Season,Headsup_GameRank_All,Host_LastGameDiff,Guest_LastGameDiff,host_win_count,host_lose_count,guest_win_count,guest_lose_count,game_behind,host_strike,guest_strike,host_place_streak,guest_place_streak
3768,2017,Chicago Bulls,Philadelphia 76ers,194.0,205.5,206.324283668,12.3242836683,11.5,0.824283668303,-1,1,-1,0,0,1,0,11,16,11,16,-9.0,1,15,2.0,3.0,4,11,9,6,-5.0,-1,-1,4,6
3769,2017,Dallas Mavericks,Charlotte Hornets,184.0,193.5,193.182137183,9.18213718333,9.5,0.317862816669,-1,0,1,0,1,0,0,11,19,11,18,12.0,1,9,2.0,1.0,10,8,3,14,6.5,-1,-1,2,1
3770,2017,Los Angeles Clippers,Cleveland Cavaliers,207.0,215.5,211.837649474,4.83764947384,8.5,3.66235052616,-1,0,1,0,1,0,0,11,17,11,20,3.5,1,9,2.0,2.0,13,3,14,5,0.5,-1,-3,1,5
3771,2017,Los Angeles Clippers,New Orleans Pelicans,210.0,205.5,203.493219464,6.5067805356,4.5,2.0067805356,1,0,-1,0,0,0,1,11,20,12,21,-4.0,1,16,3.0,1.0,7,12,15,5,-7.5,1,1,2,6
3772,2017,Atlanta Hawks,Toronto Raptors,212.0,207.0,207.456734251,4.54326574943,5.0,0.456734250574,1,1,1,1,0,0,0,11,20,12,21,8.5,1,16,1.0,1.0,13,6,10,10,3.5,5,-5,4,1
3773,2017,Miami Heat,Portland Trail Blazers,191.0,215.0,209.454616876,18.4546168761,24.0,5.54538312393,-1,0,1,0,1,0,0,11,21,11,20,6.0,1,9,3.0,2.0,10,10,7,12,2.5,1,2,4,3
3774,2017,Boston Celtics,Philadelphia 76ers,213.0,207.5,200.98135027,12.01864973,5.5,6.51864973003,1,0,-1,0,0,0,1,14,20,11,20,-9.5,1,17,1.0,1.0,4,15,11,8,-7.0,-5,1,2,1
3775,2017,Minnesota Timberwolves,Charlotte Hornets,212.0,209.0,209.605695808,2.39430419232,3.0,0.605695807681,1,1,1,1,0,0,0,12,20,11,20,6.0,2,10,2.0,1.0,11,8,5,14,6.0,1,-4,3,2
3776,2017,Los Angeles Lakers,Memphis Grizzlies,203.0,198.0,193.366293274,9.63370672648,5.0,4.63370672648,1,0,-1,0,0,0,1,11,21,12,22,2.5,1,16,2.0,1.0,12,8,10,11,2.5,1,-1,2,4
3777,2017,Sacramento Kings,New York Knicks,204.0,209.0,203.793544957,0.206455043293,5.0,5.20645504329,-1,0,1,0,1,0,0,12,20,11,20,1.5,1,9,2.0,2.0,10,9,7,12,3.0,2,-2,2,4
3778,2017,Memphis Grizzlies,New Orleans Pelicans,188.0,196.5,198.901979478,10.9019794778,8.5,2.40197947778,-1,1,-1,0,0,1,0,12,22,11,22,5.0,2,18,1.0,2.0,7,14,13,8,-6.0,-2,2,1,1
3779,2017,San Antonio Spurs,Milwaukee Bucks,193.0,203.0,200.534374498,7.53437449759,10.0,2.46562550241,-1,0,1,0,1,0,0,12,19,12,21,-6.5,1,9,2.0,3.0,10,8,16,4,-5.0,4,2,2,1
3780,2017,Utah Jazz,Los Angeles Lakers,208.0,197.5,199.315726223,8.68427377698,10.5,1.81572622302,1,1,1,1,0,0,0,11,23,12,22,-4.5,2,16,2.0,2.0,10,12,12,9,-2.5,-2,1,1,1
3781,2017,Denver Nuggets,Philadelphia 76ers,204.0,210.0,209.453319144,5.45331914438,6.0,0.546680855616,-1,0,1,0,1,0,0,15,21,11,21,-3.5,1,9,2.0,2.0,4,16,7,13,-3.0,-6,-3,3,2
3782,2017,Chicago Bulls,Detroit Pistons,193.0,201.0,199.834693021,6.83469302088,8.0,1.16530697912,-1,0,1,0,1,0,0,11,23,13,21,5.5,1,17,2.0,1.0,11,11,11,9,-1.0,-1,-2,2,1
3783,2017,Phoenix Suns,Utah Jazz,217.0,204.0,200.439013961,16.5609860389,13.0,3.56098603888,1,0,-1,0,0,0,1,11,23,13,21,6.5,1,16,1.0,3.0,13,9,6,14,6.0,2,-1,1,2
3784,2017,Orlando Magic,Washington Wizards,240.0,200.0,198.448515862,41.5514841383,40.0,1.55148413827,1,0,-1,0,0,0,1,11,20,12,22,3.0,3,19,1.0,2.0,7,12,9,12,-1.0,1,2,1,5
3785,2017,Portland Trail Blazers,Milwaukee Bucks,222.0,214.5,212.900653404,9.09934659621,7.5,1.59934659621,1,0,-1,0,0,0,1,13,20,12,23,1.5,1,9,2.0,2.0,10,9,12,10,-0.5,-1,3,3,2
3786,2017,Boston Celtics,Orlando Magic,204.0,195.5,195.851968909,8.14803109142,8.5,0.351968908584,1,1,1,1,0,0,0,11,23,13,22,-1.5,1,16,1.0,2.0,10,12,12,9,-2.5,3,-1,1,3
3787,2017,Golden State Warriors,Los Angeles Clippers,213.0,224.0,214.522815321,1.52281532117,11.0,9.47718467883,-1,0,1,0,1,0,0,11,23,11,22,-4.0,1,24,3.0,2.0,16,6,18,3,-2.5,-1,2,2,1
3788,2017,Miami Heat,Atlanta Hawks,198.0,203.5,201.619069366,3.6190693664,5.5,1.8809306336,-1,0,1,0,1,0,0,11,23,12,22,9.0,2,18,2.0,1.0,10,12,7,14,2.5,-7,-2,2,1
3789,2017,Detroit Pistons,Charlotte Hornets,164.0,203.0,199.883592635,35.8835926347,39.0,3.11640736533,-1,0,1,0,1,0,0,13,22,13,24,5.5,2,16,2.0,1.0,12,9,12,11,1.0,1,1,1,1
3790,2017,Denver Nuggets,Brooklyn Nets,227.0,221.5,216.129287149,10.870712851,5.5,5.370712851,1,0,-1,0,0,0,1,12,21,12,22,-4.5,1,9,2.0,2.0,5,15,8,13,-2.5,-3,1,2,3
3791,2017,Portland Trail Blazers,Memphis Grizzlies,174.0,204.5,204.190638186,30.1906381858,30.5,0.309361814232,-1,0,1,0,1,0,0,13,24,13,24,-2.5,2,22,2.0,1.0,15,8,12,11,3.0,4,-1,2,3
3792,2017,Minnesota Timberwolves,Toronto Raptors,234.0,213.5,212.214126702,21.7858732977,20.5,1.28587329773,1,0,-1,0,0,0,1,13,22,12,22,9.5,1,9,3.0,2.0,14,7,6,15,8.0,-1,-1,6,1
3793,2017,Golden State Warriors,Utah Jazz,205.0,208.0,201.393086186,3.60691381372,3.0,6.60691381372,-1,0,1,0,1,0,0,12,24,12,23,-11.5,1,16,2.0,1.0,14,9,19,3,-5.5,3,3,2,2
3794,2017,Denver Nuggets,Washington Wizards,177.0,218.5,219.369275,42.3692749998,41.5,0.869274999836,-1,1,-1,0,0,1,0,12,21,13,23,5.5,1,9,2.0,1.0,7,13,8,14,0.0,-1,-1,2,4
3795,2017,Atlanta Hawks,Milwaukee Bucks,224.0,205.5,207.340372226,16.6596277745,18.5,1.84037222552,1,1,1,1,0,0,0,14,21,13,24,3.0,2,16,2.0,2.0,11,9,11,12,1.5,1,1,4,1
3796,2017,Houston Rockets,Oklahoma City Thunder,201.0,224.5,217.225668235,16.225668235,23.5,7.27433176504,-1,0,1,0,1,0,0,14,23,15,23,-2.0,2,22,4.0,2.0,14,8,15,7,-1.0,6,4,1,1
3797,2017,Detroit Pistons,Minnesota Timberwolves,207.0,203.0,199.225558482,7.77444151799,4.0,3.77444151799,1,0,-1,0,0,0,1,11,23,14,25,-3.5,1,9,1.0,2.0,6,16,12,12,-5.0,-2,-1,1,2
3798,2017,Phoenix Suns,Los Angeles Lakers,234.0,221.5,214.107316587,19.8926834133,12.5,7.39268341332,1,0,-1,0,0,0,1,12,25,14,23,1.5,2,18,2.0,2.0,10,14,6,16,3.0,-4,-3,1,1
3799,2017,Miami Heat,Cleveland Cavaliers,198.0,207.5,202.930586557,4.930586557,9.5,4.569413443,-1,0,1,0,1,0,0,12,21,13,23,12.0,1,15,2.0,2.0,15,5,7,15,9.0,2,-3,1,2
3800,2017,Orlando Magic,Charlotte Hornets,197.0,204.0,207.156436591,10.156436591,7.0,3.15643659099,-1,1,-1,0,0,1,0,14,23,13,24,6.5,1,17,2.0,2.0,13,9,10,13,3.5,2,-1,2,1
3801,2017,Indiana Pacers,Dallas Mavericks,214.0,199.5,199.950788092,14.0492119082,14.5,0.450788091831,1,1,1,1,0,0,0,11,22,11,23,-3.5,2,10,2.0,2.0,4,17,11,11,-6.5,-2,1,4,5
3802,2017,Denver Nuggets,Orlando Magic,234.0,205.5,205.777651824,28.2223481757,28.5,0.277651824322,1,1,1,1,0,0,0,12,25,14,24,-2.0,1,9,1.0,2.0,10,14,8,15,1.5,-2,-2,1,5
3803,2017,Sacramento Kings,Utah Jazz,188.0,196.5,197.493714837,9.49371483659,8.5,0.993714836587,-1,1,-1,0,0,1,0,13,25,13,23,5.5,1,15,2.0,1.0,14,10,8,14,5.0,-1,-1,3,1
3804,2017,Golden State Warriors,Memphis Grizzlies,199.0,211.5,207.93027939,8.93027938966,12.5,3.56972061034,-1,0,1,0,1,0,0,14,25,13,24,-13.0,1,21,2.0,2.0,16,8,20,3,-4.5,5,4,3,3
3805,2017,Portland Trail Blazers,Indiana Pacers,229.0,217.5,214.636374523,14.363625477,11.5,2.86362547695,1,0,-1,0,0,0,1,13,24,14,25,-1.5,2,10,1.0,2.0,11,12,12,12,-0.5,-1,-2,1,4
3806,2017,New Orleans Pelicans,Los Angeles Clippers,238.0,200.0,198.905094538,39.094905462,38.0,1.09490546198,1,0,-1,0,0,0,1,12,24,11,24,14.0,2,17,3.0,2.0,16,7,7,16,9.0,-2,-4,3,1
3807,2017,New York Knicks,Los Angeles Lakers,230.0,217.0,213.211712177,16.7882878228,13.0,3.78828782284,1,0,-1,0,0,0,1,13,26,11,24,-2.5,1,9,2.0,2.0,10,15,13,10,-4.0,-5,1,2,2
3808,2017,Golden State Warriors,Minnesota Timberwolves,224.0,225.5,217.682566157,6.31743384318,1.5,7.81743384318,-1,0,1,0,1,0,0,12,24,14,25,-10.0,2,16,2.0,1.0,6,17,20,4,-13.5,-3,-1,2,4
3809,2017,Boston Celtics,Oklahoma City Thunder,195.0,207.5,199.761793784,4.76179378414,12.5,7.73820621586,-1,0,1,0,1,0,0,15,24,14,24,3.5,1,9,2.0,2.0,14,9,13,10,1.0,-1,-1,2,1
3810,2017,Portland Trail Blazers,Los Angeles Clippers,241.0,219.0,212.731793666,28.2682063336,22.0,6.26820633359,1,0,-1,0,0,0,1,13,25,15,26,10.0,3,24,2.0,2.0,17,7,12,13,5.5,1,-3,4,5
3811,2017,Los Angeles Lakers,Sacramento Kings,208.0,216.5,213.047613854,5.04761385411,8.5,3.45238614589,-1,0,1,0,1,0,0,11,24,14,27,8.5,2,18,2.0,1.0,8,15,10,16,-0.5,-2,-6,1,1
3812,2017,Denver Nuggets,Dallas Mavericks,204.0,203.5,204.913466068,0.913466067968,0.5,1.41346606797,1,1,1,1,0,0,0,12,24,15,25,-2.5,1,15,2.0,2.0,5,18,9,15,-3.5,-1,1,1,6
3813,2017,Charlotte Hornets,Indiana Pacers,204.0,208.0,206.182224164,2.18222416364,4.0,1.81777583636,-1,0,1,0,1,0,0,14,25,11,25,-1.5,2,16,2.0,2.0,12,12,14,10,-2.0,1,-1,2,2
3814,2017,Orlando Magic,Atlanta Hawks,251.0,200.5,200.483121059,50.5168789407,50.5,0.0168789407187,1,0,-1,0,0,0,1,12,25,14,26,8.5,1,17,4.0,3.0,12,12,10,15,2.5,2,-3,1,1
3815,2017,Minnesota Timberwolves,Chicago Bulls,193.0,207.5,208.522303251,15.5223032515,14.5,1.02230325149,-1,1,-1,0,0,1,0,11,24,13,25,6.0,1,9,3.0,2.0,13,10,6,18,7.5,2,-4,3,1
3816,2017,Memphis Grizzlies,Cleveland Cavaliers,189.0,201.5,200.789890871,11.7898908706,12.5,0.710109129432,-1,0,1,0,1,0,0,14,23,12,26,15.0,1,9,3.0,3.0,17,5,17,8,1.5,4,6,3,1
3817,2017,Golden State Warriors,New Orleans Pelicans,222.0,225.0,217.069409933,4.9305900665,3.0,7.9305900665,-1,0,1,0,1,0,0,14,26,15,26,-11.0,3,21,2.0,2.0,8,17,21,4,-13.0,1,1,1,5
3818,2017,New York Knicks,Phoenix Suns,202.0,219.0,215.271530421,13.2715304213,17.0,3.72846957874,-1,0,1,0,1,0,0,11,25,12,25,-2.0,1,9,2.0,2.0,7,17,14,10,-7.0,-1,2,2,3
3819,2017,Toronto Raptors,Philadelphia 76ers,237.0,205.0,198.776340678,38.2236593221,32.0,6.22365932212,1,0,-1,0,0,0,1,16,25,11,25,-8.0,2,18,3.0,2.0,6,18,17,7,-11.0,2,3,1,1
3820,2017,Charlotte Hornets,Washington Wizards,215.0,210.0,207.215192122,7.78480787775,5.0,2.78480787775,1,0,-1,0,0,0,1,14,24,12,26,-2.0,1,17,2.0,2.0,9,14,14,11,-4.0,-1,-2,1,3
3821,2017,Oklahoma City Thunder,Utah Jazz,198.0,199.0,197.954766557,0.0452334432227,1.0,1.04523344322,-1,0,1,0,1,0,0,14,26,11,26,7.5,1,17,4.0,1.0,15,10,15,10,0.0,1,-1,4,2
3822,2017,Boston Celtics,San Antonio Spurs,209.0,196.0,200.588415389,8.41158461096,13.0,4.58841538904,1,1,1,1,0,0,0,11,25,15,25,6.0,2,10,4.0,3.0,19,5,13,11,6.0,1,-2,2,2
3823,2017,Los Angeles Clippers,Orlando Magic,221.0,210.0,206.013899457,14.9861005434,11.0,3.98610054344,1,0,-1,0,0,0,1,13,27,13,26,-8.5,1,9,1.0,2.0,11,15,18,7,-7.5,1,2,1,1
3824,2017,Sacramento Kings,Houston Rockets,230.0,213.0,213.569226213,16.4307737869,17.0,0.569226213082,1,1,1,1,0,0,0,11,26,14,25,14.0,2,16,2.0,2.0,18,7,9,15,8.5,7,1,3,1
3825,2017,Detroit Pistons,Dallas Mavericks,180.0,190.0,192.868256158,12.8682561575,10.0,2.8682561575,-1,1,-1,0,0,1,0,13,25,15,27,-6.0,1,9,2.0,3.0,6,18,13,13,-6.0,1,-1,2,1
3826,2017,Los Angeles Lakers,Brooklyn Nets,204.0,228.0,229.733607423,25.7336074233,24.0,1.73360742328,-1,1,-1,0,0,1,0,13,24,15,28,-1.0,2,10,2.0,2.0,6,17,10,17,-2.0,-2,-7,1,2
3827,2017,Indiana Pacers,Miami Heat,184.0,204.0,204.819746706,20.8197467056,20.0,0.819746705575,-1,1,-1,0,0,1,0,12,26,12,26,-1.5,1,29,2.0,2.0,8,17,13,12,-5.0,1,2,2,1
3828,2017,Portland Trail Blazers,Denver Nuggets,252.0,221.0,219.2867497,32.7132503,31.0,1.71325029996,1,0,-1,0,0,0,1,11,26,16,28,2.5,3,19,3.0,2.0,9,16,13,14,-3.0,-1,1,1,1
3829,2017,New York Knicks,Golden State Warriors,193.0,222.5,211.668678244,18.6686782437,29.5,10.8313217563,-1,0,1,0,1,0,0,12,27,13,26,17.0,1,9,2.0,2.0,22,4,14,11,7.5,2,-1,1,4
3830,2017,Chicago Bulls,Milwaukee Bucks,205.0,206.5,203.03245776,1.96754224002,1.5,3.46754224002,-1,0,1,0,1,0,0,15,24,14,25,0.0,1,23,3.0,2.0,11,12,13,11,-1.5,-3,-1,1,1
3831,2017,Indiana Pacers,New Orleans Pelicans,197.0,209.0,206.451493493,9.45149349329,12.0,2.54850650671,-1,0,1,0,1,0,0,15,27,13,27,2.5,1,9,2.0,1.0,8,18,13,13,-5.0,-1,-1,2,2
3832,2017,San Antonio Spurs,Phoenix Suns,199.0,211.0,214.112756455,15.1127564546,12.0,3.11275645465,-1,1,-1,0,0,1,0,12,26,15,26,-8.0,1,16,2.0,1.0,8,17,20,5,-12.0,1,2,3,1
3833,2017,Atlanta Hawks,Toronto Raptors,246.0,214.0,213.487866887,32.5121331132,32.0,0.512133113194,1,0,-1,0,0,0,1,15,26,14,26,6.5,2,17,2.0,3.0,18,7,12,13,6.0,4,-1,1,1
3834,2017,Los Angeles Lakers,Philadelphia 76ers,189.0,210.5,212.824684424,23.8246844239,21.5,2.32468442395,-1,1,-1,0,0,1,0,17,26,16,29,1.0,1,9,2.0,2.0,6,19,10,18,-2.5,-1,-8,2,3
3835,2017,Brooklyn Nets,Orlando Magic,229.0,217.0,212.305814166,16.6941858336,12.0,4.69418583361,1,0,-1,0,0,0,1,14,28,12,25,7.0,1,16,2.0,2.0,11,16,7,17,2.5,-1,1,2,1
3836,2017,Charlotte Hornets,Boston Celtics,184.0,207.5,200.731236765,16.7312367653,23.5,6.76876323475,-1,0,1,0,1,0,0,11,26,13,27,6.0,2,16,2.0,2.0,13,12,14,12,-0.5,-3,-3,1,4
3837,2017,Sacramento Kings,Memphis Grizzlies,188.0,193.0,188.173633113,0.173633113121,5.0,4.82636688688,-1,0,1,0,1,0,0,16,28,15,26,5.0,1,15,2.0,2.0,18,9,9,16,8.0,1,-1,2,2
3838,2017,New Orleans Pelicans,Houston Rockets,222.0,224.0,213.022659245,8.97734075532,2.0,10.9773407553,-1,0,1,0,1,0,0,12,27,13,28,11.5,1,17,2.0,1.0,19,7,9,18,10.5,8,1,4,1
3839,2017,Dallas Mavericks,Utah Jazz,203.0,186.0,188.994529621,14.0054703788,17.0,2.99452962116,1,1,1,1,0,0,0,15,27,13,26,11.0,2,16,2.0,2.0,16,10,6,19,9.5,2,-1,5,1
3840,2017,Los Angeles Clippers,Miami Heat,200.0,206.5,203.952924435,3.95292443528,6.5,2.54707556472,-1,0,1,0,1,0,0,13,27,14,27,-8.0,1,9,2.0,2.0,9,17,19,7,-10.0,2,3,3,2
3841,2017,Detroit Pistons,Washington Wizards,230.0,205.0,201.385396866,28.6146031341,25.0,3.61460313413,1,0,-1,0,0,0,1,15,25,16,28,-1.5,1,16,2.0,2.0,10,14,14,13,-2.5,1,1,2,2
3842,2017,Houston Rockets,Minnesota Timberwolves,190.0,220.5,215.063924457,25.0639244567,30.5,5.43607554331,-1,0,1,0,1,0,0,13,26,16,28,-2.5,1,15,4.0,1.0,7,18,20,7,-12.0,1,9,1,1
3843,2017,Phoenix Suns,Oklahoma City Thunder,215.0,215.5,212.200475583,2.79952441722,0.5,3.29952441722,-1,0,1,0,1,0,0,16,27,15,27,6.0,2,16,3.0,2.0,15,11,8,18,7.0,-2,-1,1,1
3844,2017,Portland Trail Blazers,Golden State Warriors,225.0,234.5,230.084754097,5.0847540972,9.5,4.4152459028,-1,0,1,0,1,0,0,13,28,17,29,14.0,2,21,2.0,2.0,23,4,13,15,10.5,3,-1,2,2
3845,2017,New York Knicks,Denver Nuggets,241.0,215.5,216.075796178,24.9242038218,25.5,0.57579617822,1,1,1,1,0,0,0,12,27,14,27,4.0,1,9,2.0,2.0,10,16,14,12,-4.0,1,-2,2,5
3846,2017,Los Angeles Lakers,Cleveland Cavaliers,227.0,219.5,211.807929243,15.1920707567,7.5,7.69207075675,1,0,-1,0,0,0,1,15,25,17,30,15.5,1,9,3.0,1.0,18,6,11,18,9.5,-1,1,1,4
3847,2017,Charlotte Hornets,Atlanta Hawks,206.0,208.0,203.270282862,2.72971713781,2.0,4.72971713781,-1,0,1,0,1,0,0,13,27,14,28,2.5,2,18,1.0,1.0,13,13,14,13,-0.5,1,-4,1,5
3848,2017,Indiana Pacers,Detroit Pistons,195.0,200.5,195.751761001,0.751761000592,5.5,4.74823899941,-1,0,1,0,1,0,0,13,29,14,28,4.5,1,17,1.0,2.0,14,14,13,14,0.5,-1,-2,1,3
3849,2017,Los Angeles Clippers,Washington Wizards,227.0,212.5,213.177321304,13.8226786959,14.5,0.67732130408,1,1,1,1,0,0,0,16,26,15,28,-5.5,1,9,2.0,2.0,11,14,20,7,-8.0,2,4,3,3
3850,2017,Sacramento Kings,Dallas Mavericks,178.0,194.5,193.046597384,15.0465973842,16.5,1.45340261577,-1,0,1,0,1,0,0,14,27,16,27,-1.0,2,17,2.0,2.0,6,20,10,16,-4.0,-2,1,1,3
3851,2017,Utah Jazz,Memphis Grizzlies,155.0,185.5,178.648531446,23.6485314457,30.5,6.8514685543,-1,0,1,0,1,0,0,17,29,13,28,-1.5,2,16,2.0,2.0,18,10,17,10,0.5,-1,3,3,1
3852,2017,Boston Celtics,Miami Heat,200.0,202.5,201.42765885,1.42765884979,2.5,1.07234115021,-1,0,1,0,1,0,0,14,28,16,27,-4.5,2,16,2.0,2.0,9,18,14,12,-5.5,-1,1,4,1
3853,2017,Toronto Raptors,Orlando Magic,188.0,212.5,209.740785235,21.7407852354,24.5,2.75921476462,-1,0,1,0,1,0,0,15,29,12,27,-6.0,1,15,2.0,2.0,12,16,18,8,-7.0,1,-1,3,1
3854,2017,Brooklyn Nets,Philadelphia 76ers,215.0,215.0,212.31210073,2.68789926988,0.0,2.68789926988,0,0,0,0,0,0,1,18,27,13,26,1.0,1,17,2.0,2.0,6,20,7,18,-1.5,-2,-1,3,2
3855,2017,New Orleans Pelicans,San Antonio Spurs,213.0,208.0,207.682384066,5.3176159335,5.0,0.317615933502,1,0,-1,0,0,0,1,12,27,14,29,12.0,2,18,3.0,2.0,21,5,9,19,13.0,3,-1,1,2
3856,2017,Detroit Pistons,Chicago Bulls,195.0,197.0,195.78517366,0.785173660365,2.0,1.21482633964,-1,0,1,0,1,0,0,13,27,17,30,2.5,2,18,3.0,2.0,13,13,14,15,0.5,-3,-2,2,1
3857,2017,Dallas Mavericks,Denver Nuggets,224.0,207.0,204.290300506,19.7096994935,17.0,2.70969949354,1,0,-1,0,0,0,1,13,28,14,28,8.0,2,16,2.0,1.0,11,16,7,20,4.0,2,1,3,1
3858,2017,Washington Wizards,Indiana Pacers,212.0,211.5,210.183492082,1.81650791822,0.5,1.31650791822,1,0,-1,0,0,0,1,15,29,11,27,5.0,1,21,2.0,1.0,14,14,12,14,1.0,1,3,1,1
3859,2017,Phoenix Suns,Minnesota Timberwolves,223.0,214.5,214.870294973,8.12970502735,8.5,0.370294972654,1,1,1,1,0,0,0,14,27,16,28,6.0,2,17,2.0,2.0,7,19,8,19,-0.5,-1,-2,2,2
3860,2017,Atlanta Hawks,Oklahoma City Thunder,218.0,211.5,210.411420048,7.58857995246,6.5,1.08857995246,1,0,-1,0,0,0,1,17,28,15,28,3.0,2,10,2.0,2.0,16,11,13,14,3.0,1,-1,2,1
3861,2017,New Orleans Pelicans,Philadelphia 76ers,201.0,206.0,204.928829514,3.92882951386,5.0,1.07117048614,-1,0,1,0,1,0,0,19,28,15,30,-3.5,2,10,2.0,2.0,7,20,9,20,-1.0,1,-2,4,3
3862,2017,Indiana Pacers,New York Knicks,229.0,210.5,211.653230009,17.3467699905,18.5,1.15323000947,1,1,1,1,0,0,0,14,28,15,30,4.5,1,21,3.0,1.0,14,13,15,14,0.0,-3,2,1,1
3863,2017,Brooklyn Nets,Toronto Raptors,220.0,224.5,213.278515766,6.7214842339,4.5,11.2214842339,-1,0,1,0,1,0,0,16,28,14,27,15.5,1,24,2.0,2.0,19,8,7,19,11.5,1,-2,1,3
3864,2017,Portland Trail Blazers,Sacramento Kings,247.0,218.0,213.592543884,33.4074561159,29.0,4.40745611589,1,0,-1,0,0,0,1,12,28,18,30,-1.0,2,17,2.0,3.0,10,17,13,16,-2.0,-1,-2,1,3
3865,2017,Cleveland Cavaliers,Milwaukee Bucks,200.0,212.5,210.891561966,10.8915619662,12.5,1.60843803382,-1,0,1,0,1,0,0,16,26,11,26,-3.5,2,18,4.0,3.0,13,12,19,6,-6.0,2,1,1,1
3866,2017,Orlando Magic,Miami Heat,218.0,199.0,200.67336606,17.3266339396,19.0,1.67336606037,1,1,1,1,0,0,0,15,29,15,30,3.5,2,18,2.0,2.0,9,19,12,17,-2.5,-2,-1,5,1
3867,2017,Boston Celtics,Memphis Grizzlies,194.0,194.0,189.568027264,4.43197273562,0.0,4.43197273562,0,0,0,0,0,0,1,18,30,17,28,-2.5,1,9,2.0,2.0,18,11,15,12,2.0,-2,2,4,2
3868,2017,Denver Nuggets,Los Angeles Clippers,221.0,217.5,214.735260493,6.26473950697,3.5,2.76473950697,1,0,-1,0,0,0,1,14,29,16,29,8.0,1,15,2.0,1.0,20,8,12,16,8.0,-1,3,1,1
3869,2017,San Antonio Spurs,Houston Rockets,202.0,213.5,208.764785868,6.76478586823,11.5,4.73521413177,-1,0,1,0,1,0,0,13,29,16,28,1.0,3,19,3.0,2.0,21,7,22,5,-1.5,10,4,1,1
3870,2017,Utah Jazz,Golden State Warriors,178.0,210.5,207.525653447,29.5256534474,32.5,2.97434655257,-1,0,1,0,1,0,0,14,29,14,29,12.5,2,17,3.0,2.0,24,4,18,10,6.0,4,4,3,2
3871,2017,Los Angeles Lakers,Charlotte Hornets,230.0,212.5,213.824814176,16.1751858238,17.5,1.32481417618,1,1,1,1,0,0,0,15,29,18,31,8.5,1,9,3.0,3.0,15,13,11,19,5.0,1,-1,1,5
3872,2017,Sacramento Kings,Utah Jazz,187.0,193.5,192.372496734,5.37249673429,6.5,1.12750326571,-1,0,1,0,1,0,0,16,30,17,29,8.0,2,16,1.0,1.0,18,11,11,17,6.5,-1,1,1,1
3873,2017,Dallas Mavericks,Portland Trail Blazers,191.0,210.5,210.866907433,19.8669074332,19.5,0.366907433169,-1,1,-1,0,0,1,0,13,31,15,29,6.0,2,16,1.0,2.0,13,17,7,21,5.0,-3,-1,1,2
3874,2017,Houston Rockets,Phoenix Suns,236.0,227.5,231.517442476,4.48255752434,8.5,4.01744247566,1,1,1,1,0,0,0,13,29,17,30,-6.0,1,15,2.0,1.0,8,20,21,8,-12.5,-3,-1,1,1
3875,2017,Oklahoma City Thunder,New Orleans Pelicans,231.0,209.0,205.936725622,25.0632743781,22.0,3.06327437809,1,0,-1,0,0,0,1,16,31,12,29,-1.5,2,16,1.0,2.0,10,20,16,12,-7.0,1,-1,1,1
3876,2017,Milwaukee Bucks,Cleveland Cavaliers,215.0,206.5,204.812943557,10.1870564431,8.5,1.68705644309,1,0,-1,0,0,0,1,16,27,11,27,6.5,3,19,1.0,1.0,20,6,13,13,7.0,2,-1,1,1
3877,2017,Washington Wizards,Chicago Bulls,204.0,209.5,208.840356617,4.840356617,5.5,0.659643382997,-1,0,1,0,1,0,0,14,28,12,28,4.0,2,21,2.0,2.0,14,13,12,15,2.0,1,-1,3,2
3878,2017,Minnesota Timberwolves,Atlanta Hawks,176.0,215.5,213.417444329,37.4174443287,39.5,2.08255567133,-1,0,1,0,1,0,0,14,29,14,28,4.0,1,9,2.0,2.0,14,14,8,19,5.5,1,1,1,1
3879,2017,Memphis Grizzlies,Detroit Pistons,184.0,189.0,191.454255155,7.45425515454,5.0,2.45425515454,-1,1,-1,0,0,1,0,14,31,13,31,6.0,1,9,2.0,1.0,14,16,18,12,-4.0,-3,-3,1,1
3880,2017,Golden State Warriors,Brooklyn Nets,218.0,231.0,229.237997532,11.237997532,13.0,1.76200246801,-1,0,1,0,1,0,0,14,28,16,30,-13.5,1,9,2.0,2.0,7,20,25,4,-17.0,-3,5,1,1
3881,2017,Boston Celtics,Indiana Pacers,211.0,209.0,202.872895616,8.12710438414,2.0,6.12710438414,1,0,-1,0,0,0,1,16,31,18,29,-1.5,2,16,2.0,2.0,15,15,16,12,-2.0,-1,3,1,3
3882,2017,San Antonio Spurs,Los Angeles Clippers,207.0,205.5,199.018405886,7.98159411426,1.5,6.48159411426,1,0,-1,0,0,0,1,15,30,17,29,-2.0,2,23,2.0,2.0,21,8,23,5,-2.5,1,5,2,2
3883,2017,Los Angeles Lakers,Miami Heat,222.0,211.5,213.260456817,8.73954318327,10.5,1.76045681673,1,1,1,1,0,0,0,16,30,19,32,6.0,1,9,2.0,2.0,9,20,11,20,-1.0,-3,-2,6,6
3884,2017,Orlando Magic,New York Knicks,201.0,210.5,207.658066242,6.65806624247,9.5,2.84193375753,-1,0,1,0,1,0,0,15,29,16,31,4.5,1,15,2.0,2.0,15,13,13,17,3.0,1,1,2,2
3885,2017,Toronto Raptors,Utah Jazz,202.0,198.5,200.145235654,1.8547643456,3.5,1.6452356544,1,1,1,1,0,0,0,17,31,13,29,-1.0,1,9,2.0,3.0,18,12,20,8,-3.0,-2,2,2,1
3886,2017,Miami Heat,New Orleans Pelicans,178.0,205.5,204.773947693,26.7739476932,27.5,0.726052306777,-1,0,1,0,1,0,0,17,32,15,31,5.0,1,9,2.0,1.0,10,21,10,20,-0.5,-1,1,2,1
3887,2017,Sacramento Kings,Minnesota Timberwolves,214.0,206.0,205.189483815,8.8105161848,8.0,0.810516184804,1,0,-1,0,0,0,1,15,29,18,30,5.0,2,16,2.0,2.0,9,19,12,17,-2.5,2,2,1,2
3888,2017,San Antonio Spurs,Portland Trail Blazers,200.0,211.5,208.234896806,8.234896806,11.5,3.265103194,-1,0,1,0,1,0,0,14,32,18,30,-2.0,1,20,2.0,1.0,13,18,23,6,-11.0,-4,-1,2,3
3889,2017,Los Angeles Lakers,Orlando Magic,199.0,209.5,210.612972191,11.6129721905,10.5,1.11297219054,-1,1,-1,0,0,1,0,16,32,20,33,4.5,1,9,1.0,1.0,13,18,11,21,2.5,-1,-3,1,7
3890,2017,Washington Wizards,Milwaukee Bucks,219.0,214.0,211.03183207,7.96816792959,5.0,2.96816792959,1,0,-1,0,0,0,1,17,28,13,29,3.0,2,16,2.0,2.0,13,14,13,15,0.5,-2,1,1,3
3891,2017,Golden State Warriors,Detroit Pistons,232.0,214.5,214.471925386,17.5280746144,17.5,0.0280746143702,1,0,-1,0,0,0,1,15,32,17,31,-7.0,1,9,2.0,1.0,14,17,26,4,-12.5,-4,6,2,2
3892,2017,Dallas Mavericks,Los Angeles Clippers,178.0,195.0,193.847978361,15.8479783614,17.0,1.15202163859,-1,0,1,0,1,0,0,16,31,16,30,3.5,2,16,1.0,2.0,22,8,8,21,13.5,2,1,3,3
3893,2017,Houston Rockets,Memphis Grizzlies,224.0,205.5,204.189877404,19.8101225959,18.5,1.31012259588,1,0,-1,0,0,0,1,19,32,18,31,-3.5,1,17,2.0,2.0,19,12,22,8,-3.5,1,1,1,2
3894,2017,Oklahoma City Thunder,Boston Celtics,229.0,211.0,209.016543472,19.9834565278,18.0,1.98345652778,1,0,-1,0,0,0,1,12,30,13,30,5.5,2,10,1.0,2.0,17,12,17,12,0.0,4,1,1,2
3895,2017,Brooklyn Nets,Cleveland Cavaliers,218.0,225.0,212.252003906,5.74799609368,7.0,12.7479960937,-1,0,1,0,1,0,0,17,28,15,29,16.5,1,16,2.0,1.0,21,6,7,21,14.5,3,-4,2,1
3896,2017,Chicago Bulls,Charlotte Hornets,194.0,205.0,207.76317026,13.7631702598,11.0,2.76317025984,-1,1,-1,0,0,1,0,16,30,15,29,4.5,1,16,3.0,2.0,16,13,14,14,1.5,2,-1,2,1
3897,2017,Atlanta Hawks,Denver Nuggets,217.0,217.0,213.218793936,3.78120606428,0.0,3.78120606428,0,0,0,0,0,0,1,14,30,16,30,5.5,1,9,3.0,2.0,12,17,14,15,-2.0,-1,-1,1,1
3898,2017,Golden State Warriors,Cleveland Cavaliers,217.0,219.0,209.798428038,7.20157196241,2.0,9.20157196241,-1,0,1,0,1,0,0,18,29,18,32,-3.5,1,22,2.0,2.0,22,6,27,4,-3.5,4,7,3,3
3899,2017,Los Angeles Clippers,Los Angeles Lakers,213.0,213.5,212.750676654,0.24932334576,0.5,0.74932334576,-1,0,1,0,1,0,0,14,34,16,32,-8.0,1,17,2.0,2.0,11,22,22,9,-12.0,-4,-1,1,1
3900,2017,Boston Celtics,New York Knicks,233.0,210.5,209.243150917,23.7568490828,22.5,1.25684908282,1,0,-1,0,0,0,1,16,30,19,31,-2.0,2,24,3.0,2.0,16,13,17,13,-0.5,2,-1,3,1
3901,2017,Minnesota Timberwolves,Oklahoma City Thunder,212.0,212.0,212.320288771,0.320288770746,0.0,0.320288770746,0,1,0,0,0,1,0,18,31,15,30,4.0,2,18,2.0,2.0,18,12,9,20,8.5,2,-1,1,1
3902,2017,Chicago Bulls,San Antonio Spurs,219.0,199.0,198.939736539,20.060263461,20.0,0.060263461003,1,0,-1,0,0,0,1,13,31,16,30,8.5,2,10,2.0,2.0,24,6,14,15,9.5,1,-2,1,2
3903,2017,Philadelphia 76ers,Sacramento Kings,202.0,205.0,209.453211152,7.4532111524,3.0,4.4532111524,-1,1,-1,0,0,1,0,13,31,11,30,8.0,1,9,3.0,3.0,13,17,7,22,5.5,3,-2,1,2
3904,2017,Toronto Raptors,Portland Trail Blazers,186.0,215.5,212.788017382,26.7880173816,29.5,2.71198261836,-1,0,1,0,1,0,0,15,33,14,30,-8.0,1,9,3.0,3.0,13,19,21,8,-9.5,-5,3,3,2
3905,2017,Memphis Grizzlies,Orlando Magic,214.0,193.0,191.695036046,22.3049639544,21.0,1.30496395437,1,0,-1,0,0,0,1,17,33,14,33,-3.5,2,10,3.0,3.0,14,18,20,12,-6.0,1,2,2,1
3906,2017,Dallas Mavericks,New Orleans Pelicans,215.0,199.5,197.755848328,17.2441516724,15.5,1.74415167237,1,0,-1,0,0,0,1,18,33,17,31,4.5,2,18,3.0,3.0,11,21,9,21,1.0,1,2,3,4
3907,2017,Atlanta Hawks,Minnesota Timberwolves,194.0,208.0,206.354557999,12.3545579989,14.0,1.64544200108,-1,0,1,0,1,0,0,16,31,17,31,-2.0,2,10,1.0,3.0,9,21,15,15,-6.0,-2,1,1,2
3908,2017,Cleveland Cavaliers,Detroit Pistons,196.0,204.5,206.741237758,10.7412377581,8.5,2.24123775811,-1,1,-1,0,0,1,0,16,33,12,30,5.0,2,22,3.0,1.0,14,18,23,6,-10.5,-5,5,3,1
3909,2017,Phoenix Suns,Houston Rockets,246.0,230.0,227.925232492,18.074767508,16.0,2.07476750801,1,0,-1,0,0,0,1,14,32,17,31,12.5,2,16,3.0,3.0,22,9,9,21,12.5,-1,1,1,1
3910,2017,Milwaukee Bucks,Washington Wizards,209.0,212.5,210.852352168,1.85235216754,3.5,1.64764783246,-1,0,1,0,1,0,0,17,30,12,29,3.5,3,17,3.0,3.0,13,16,14,14,-1.5,-1,1,1,1
3911,2017,Indiana Pacers,Chicago Bulls,175.0,206.0,206.630385,31.6303849999,31.0,0.630384999913,-1,1,-1,0,0,1,0,15,31,16,32,2.0,3,19,1.0,4.0,14,16,15,16,-0.5,-3,-2,1,1
3912,2017,Charlotte Hornets,Brooklyn Nets,238.0,217.5,216.3481175,21.6518824995,20.5,1.15188249955,1,0,-1,0,0,0,1,15,30,15,31,-6.5,2,16,3.0,3.0,7,22,17,13,-9.5,-5,3,1,1
3913,2017,Denver Nuggets,Los Angeles Clippers,208.0,208.5,205.215768698,2.78423130189,0.5,3.28423130189,-1,0,1,0,1,0,0,17,33,17,31,-4.5,2,16,1.0,3.0,22,10,12,18,9.0,-2,-2,1,1
3914,2017,Utah Jazz,Los Angeles Lakers,202.0,204.0,202.306223315,0.306223315219,2.0,1.69377668478,-1,0,1,0,1,0,0,15,35,15,32,-5.5,3,17,2.0,4.0,12,22,18,13,-7.5,1,-3,2,1
3915,2017,Oklahoma City Thunder,Miami Heat,200.0,203.0,200.324363384,0.324363383768,3.0,2.67563661623,-1,0,1,0,1,0,0,17,32,14,32,-5.0,2,10,4.0,2.0,10,21,19,12,-9.0,-1,3,1,1
3916,2017,Memphis Grizzlies,Boston Celtics,216.0,199.0,198.608002282,17.3919977183,17.0,0.391997718315,1,0,-1,0,0,0,1,13,32,15,34,7.0,2,10,2.0,1.0,18,13,20,13,-1.0,1,-1,1,2
3917,2017,Houston Rockets,Dallas Mavericks,230.0,209.0,197.415081574,32.584918426,21.0,11.584918426,1,0,-1,0,0,0,1,15,32,19,33,-5.0,4,25,1.0,1.0,9,22,23,9,-13.5,-1,1,1,1
3918,2017,Phoenix Suns,San Antonio Spurs,217.0,214.5,211.392954625,5.60704537534,2.5,3.10704537534,1,0,-1,0,0,0,1,14,32,18,32,11.0,2,17,3.0,2.0,25,6,9,22,16.0,2,-1,2,2
3919,2017,Sacramento Kings,Portland Trail Blazers,191.0,206.5,203.186021594,12.1860215941,15.5,3.31397840587,-1,0,1,0,1,0,0,16,34,19,32,2.0,3,18,2.0,2.0,13,20,14,17,-2.0,-6,4,4,1
3920,2017,Charlotte Hornets,Orlando Magic,221.0,204.5,204.628945813,16.3710541873,16.5,0.128945812738,1,1,1,1,0,0,0,18,34,16,32,-4.5,2,18,2.0,2.0,15,18,17,14,-3.0,2,-1,3,2
3921,2017,Los Angeles Clippers,New Orleans Pelicans,200.0,209.5,207.240654591,7.24065459124,9.5,2.25934540876,-1,0,1,0,1,0,0,19,34,17,34,-1.5,3,18,2.0,2.0,12,21,22,11,-10.0,2,-3,4,1
3922,2017,Indiana Pacers,Washington Wizards,216.0,214.5,213.642140617,2.35785938291,1.5,0.857859382913,1,0,-1,0,0,0,1,18,31,17,33,4.0,2,22,2.0,2.0,14,16,15,17,0.0,1,-3,2,2
3923,2017,Milwaukee Bucks,Detroit Pistons,213.0,203.5,207.975973987,5.02402601349,9.5,4.47597398651,1,1,1,1,0,0,0,17,34,13,30,3.5,2,18,2.0,2.0,15,18,14,15,-1.0,1,-1,4,2
3924,2017,Minnesota Timberwolves,Denver Nuggets,208.0,217.0,212.382434912,4.38243491153,9.0,4.61756508847,-1,0,1,0,1,0,0,15,32,16,32,4.0,2,18,2.0,2.0,13,18,10,21,3.0,1,1,1,1
3925,2017,Brooklyn Nets,Chicago Bulls,200.0,213.5,209.82704169,9.82704168989,13.5,3.67295831011,-1,0,1,0,1,0,0,16,32,16,31,9.5,2,23,2.0,2.0,15,16,8,22,6.5,1,1,2,1
3926,2017,New York Knicks,Atlanta Hawks,170.0,210.5,209.022137363,39.0221373628,40.5,1.47786263725,-1,0,1,0,1,0,0,15,32,15,31,5.5,2,16,2.0,3.0,15,16,16,14,-1.5,-1,-1,1,1
3927,2017,Toronto Raptors,Golden State Warriors,232.0,227.5,226.491801237,5.50819876332,4.5,1.00819876332,1,0,-1,0,0,0,1,15,33,15,31,9.5,2,10,3.0,2.0,27,5,22,8,4.0,-1,4,1,3
3928,2017,Miami Heat,Charlotte Hornets,173.0,205.0,209.611015924,36.6110159235,32.0,4.61101592351,-1,1,-1,0,0,1,0,17,33,16,33,6.0,2,29,1.0,2.0,18,14,10,22,8.0,1,-2,1,1
3929,2017,Boston Celtics,Cleveland Cavaliers,242.0,217.0,212.906768385,29.0932316145,25.0,4.09323161455,1,0,-1,0,0,0,1,19,31,20,33,6.0,2,20,3.0,2.0,23,7,19,13,5.0,-1,2,1,1
3930,2017,Dallas Mavericks,Los Angeles Lakers,190.0,205.5,205.707297729,15.7072977292,15.5,0.207297729173,-1,1,-1,0,0,1,0,16,36,18,33,4.0,2,16,2.0,2.0,12,23,9,23,1.5,-1,-2,3,1
3931,2017,Oklahoma City Thunder,Memphis Grizzlies,194.0,198.0,196.008276991,2.00827699064,4.0,1.99172300936,-1,0,1,0,1,0,0,20,35,15,33,1.5,1,27,2.0,2.0,20,14,20,12,-1.0,-2,4,1,2
3932,2017,Toronto Raptors,Phoenix Suns,190.0,223.5,217.110472296,27.1104722961,33.5,6.38952770394,-1,0,1,0,1,0,0,15,33,16,32,-8.5,1,9,1.0,1.0,9,23,22,9,-13.5,-2,-1,1,4
3933,2017,Philadelphia 76ers,Utah Jazz,183.0,196.5,197.436560253,14.4365602528,13.5,0.936560252816,-1,1,-1,0,0,1,0,18,33,12,31,14.5,2,10,2.0,3.0,19,13,7,23,11.0,1,-3,1,3
3934,2017,Milwaukee Bucks,Minnesota Timberwolves,215.0,209.0,207.803759972,7.19624002823,6.0,1.19624002823,1,0,-1,0,0,0,1,17,33,14,31,0.0,1,9,2.0,2.0,10,22,15,15,-6.0,-1,1,1,3
3935,2017,Portland Trail Blazers,San Antonio Spurs,204.0,202.5,199.75595049,4.24404951036,1.5,2.74404951036,1,0,-1,0,0,0,1,15,33,19,35,10.0,2,21,2.0,2.0,26,6,14,20,13.0,3,1,3,1
3936,2017,New York Knicks,New Orleans Pelicans,196.0,215.5,210.640838609,14.640838609,19.5,4.85916139104,-1,0,1,0,1,0,0,20,35,16,32,3.0,1,9,2.0,2.0,13,21,16,15,-4.5,3,-2,5,2
3937,2017,Brooklyn Nets,Washington Wizards,213.0,219.5,215.001100398,2.00110039838,6.5,4.49889960162,-1,0,1,0,1,0,0,19,32,17,32,7.0,2,16,2.0,2.0,15,16,8,23,7.0,2,-1,3,2
3938,2017,Los Angeles Clippers,Houston Rockets,256.0,216.5,211.558307025,44.4416929751,39.5,4.94169297511,1,0,-1,0,0,0,1,15,34,18,35,10.5,1,23,3.0,2.0,24,9,22,12,2.5,2,-4,1,2
3939,2017,Philadelphia 76ers,Denver Nuggets,246.0,213.5,215.430057761,30.5699422389,32.5,1.93005776115,1,1,1,1,0,0,0,16,33,13,32,10.0,2,10,2.0,1.0,14,18,7,24,6.5,2,-4,2,4
3940,2017,Dallas Mavericks,Golden State Warriors,207.0,214.5,215.095850529,8.09585052856,7.5,0.595850528556,-1,1,-1,0,0,1,0,16,34,19,34,18.0,2,17,2.0,1.0,28,5,10,23,18.0,1,1,2,2
3941,2017,Miami Heat,Boston Celtics,231.0,203.5,203.044862082,27.9551379184,27.5,0.455137918421,1,0,-1,0,0,0,1,14,34,17,34,9.5,3,17,1.0,1.0,19,14,10,23,9.0,-1,-3,1,2
3942,2017,Detroit Pistons,Atlanta Hawks,203.0,199.5,195.954167003,7.04583299748,3.5,3.54583299748,1,0,-1,0,0,0,1,16,33,18,35,2.0,2,17,2.0,2.0,16,16,15,19,2.0,1,-1,2,1
3943,2017,Chicago Bulls,Indiana Pacers,212.0,201.0,198.582722571,13.4172774291,11.0,2.41727742909,1,0,-1,0,0,0,1,17,34,17,33,4.0,4,20,2.0,2.0,15,18,16,16,-1.5,-4,2,1,1
3944,2017,Phoenix Suns,Utah Jazz,177.0,207.0,202.478948325,25.4789483248,30.0,4.52105167515,-1,0,1,0,1,0,0,19,34,19,34,11.5,2,17,2.0,2.0,20,13,10,23,10.0,2,1,2,1
3945,2017,Los Angeles Clippers,Oklahoma City Thunder,202.0,209.5,204.790089518,2.79008951795,7.5,4.70991048205,-1,0,1,0,1,0,0,19,34,19,36,9.0,3,23,2.0,1.0,20,13,22,13,-1.0,-1,-5,1,3
3946,2017,Memphis Grizzlies,Sacramento Kings,210.0,195.5,196.147320514,13.8526794855,14.5,0.647320514483,1,1,1,1,0,0,0,14,33,16,36,-2.0,2,16,3.0,2.0,14,18,21,14,-5.5,-1,1,1,1
3947,2017,Cleveland Cavaliers,Charlotte Hornets,230.0,210.5,212.815000791,17.1849992094,19.5,2.31500079065,1,1,1,1,0,0,0,18,34,13,32,-1.0,3,17,2.0,2.0,19,14,24,7,-6.0,2,1,2,1
3948,2017,Milwaukee Bucks,Chicago Bulls,212.0,204.0,206.512952982,5.48704701845,8.0,2.51295298155,1,1,1,1,0,0,0,17,34,15,32,3.0,3,25,1.0,1.0,16,17,15,16,0.0,-1,-1,1,4
3949,2017,New York Knicks,Houston Rockets,251.0,224.5,211.971475252,39.0285247476,26.5,12.5285247476,1,0,-1,0,0,0,1,16,35,17,33,12.5,2,10,1.0,1.0,25,9,16,16,8.0,3,-3,2,3
3950,2017,San Antonio Spurs,Atlanta Hawks,200.0,199.5,198.75418825,1.24581175012,0.5,0.74581175012,1,0,-1,0,0,0,1,17,34,19,34,-5.0,1,9,2.0,2.0,17,16,27,6,-10.0,2,4,3,1
3951,2017,Orlando Magic,Indiana Pacers,221.0,209.5,205.3348035,15.6651965004,11.5,4.16519650042,1,0,-1,0,0,0,1,18,35,17,35,5.5,2,16,2.0,4.0,16,18,15,19,1.0,1,-1,2,1
3952,2017,Toronto Raptors,Los Angeles Lakers,237.0,218.0,214.005754446,22.994245554,19.0,3.99424555403,1,0,-1,0,0,0,1,17,37,17,33,-8.0,2,10,3.0,3.0,12,24,22,10,-12.0,-2,-2,4,5
3953,2017,Detroit Pistons,Miami Heat,205.0,198.0,199.222941372,5.77705862806,7.0,1.22294137194,1,1,1,1,0,0,0,18,35,19,36,-6.5,2,16,2.0,2.0,10,24,15,20,-4.5,-4,-2,1,2
3954,2017,Portland Trail Blazers,Minnesota Timberwolves,184.0,208.0,206.429017254,22.4290172542,24.0,1.57098274582,-1,0,1,0,1,0,0,18,34,20,36,6.0,1,17,2.0,2.0,11,22,14,21,-2.0,1,-1,2,2
3955,2017,Orlando Magic,New York Knicks,218.0,209.5,205.621689318,12.3783106822,8.5,3.87831068217,1,0,-1,0,0,0,1,17,34,18,36,4.0,2,16,2.0,1.0,16,17,15,20,2.0,-4,-2,1,2
3956,2017,Oklahoma City Thunder,Milwaukee Bucks,192.0,214.0,216.434503897,24.4345038967,22.0,2.43450389668,-1,1,-1,0,0,1,0,18,33,16,35,1.5,1,9,2.0,2.0,16,16,21,13,-4.0,1,1,1,1
3957,2017,Washington Wizards,Houston Rockets,192.0,230.5,228.568285535,36.5682855351,38.5,1.93171446489,-1,0,1,0,1,0,0,17,36,14,33,7.5,2,10,2.0,3.0,26,9,16,16,8.5,4,3,3,1
3958,2017,Phoenix Suns,Los Angeles Clippers,207.0,213.5,212.347809017,5.34780901724,6.5,1.15219098276,-1,0,1,0,1,0,0,18,37,20,35,4.5,2,18,2.0,2.0,22,14,10,24,11.0,-6,-1,1,2
3959,2017,New Orleans Pelicans,Cleveland Cavaliers,172.0,217.0,211.105907623,39.1059076227,45.0,5.89409237729,-1,0,1,0,1,0,0,20,33,16,36,9.0,1,9,2.0,3.0,25,7,14,21,12.5,2,4,1,1
3960,2017,Charlotte Hornets,Chicago Bulls,229.0,199.0,198.071761228,30.9282387716,30.0,0.928238771619,1,0,-1,0,0,0,1,18,35,17,35,-1.0,2,17,2.0,2.0,16,18,19,15,-3.0,-2,-1,2,1
3961,2017,Utah Jazz,Brooklyn Nets,190.0,204.0,199.62984953,9.62984952987,14.0,4.37015047013,-1,0,1,0,1,0,0,16,33,16,35,-6.5,1,9,3.0,2.0,8,24,21,13,-12.0,-2,3,1,1
3962,2017,Denver Nuggets,Golden State Warriors,246.0,231.5,227.827418026,18.1725819744,14.5,3.67258197444,1,0,-1,0,0,0,1,17,35,18,34,15.5,2,23,3.0,3.0,29,5,14,19,14.5,2,-1,3,1
3963,2017,Toronto Raptors,San Antonio Spurs,192.0,206.5,201.865381494,9.86538149394,14.5,4.63461850606,-1,0,1,0,1,0,0,16,35,18,34,5.5,1,9,2.0,2.0,27,7,23,10,3.5,-1,1,1,6
3964,2017,Minnesota Timberwolves,Philadelphia 76ers,184.0,206.0,203.092123311,19.0921233114,22.0,2.90787668862,-1,0,1,0,1,0,0,20,33,17,35,-4.5,2,10,4.0,2.0,8,24,11,23,-2.0,1,-1,1,1
3965,2017,Memphis Grizzlies,Los Angeles Lakers,218.0,207.0,200.069400286,17.9305997139,11.0,6.93059971395,1,0,-1,0,0,0,1,18,38,17,37,-4.5,2,17,2.0,3.0,12,25,22,14,-10.5,-3,2,5,2
3966,2017,Miami Heat,Phoenix Suns,189.0,212.5,216.403819457,27.4038194571,23.5,3.90381945713,-1,1,-1,0,0,1,0,16,36,18,36,5.0,1,9,1.0,2.0,10,25,10,25,0.0,-2,-5,1,1
3967,2017,Sacramento Kings,Denver Nuggets,233.0,215.0,216.502358842,16.4976411584,18.0,1.50235884165,1,1,1,1,0,0,0,17,35,20,34,3.5,1,15,1.0,3.0,14,20,14,19,-0.5,-2,-2,1,1
3968,2017,Washington Wizards,Dallas Mavericks,218.0,201.5,198.362623742,19.6373762582,16.5,3.13737625824,1,0,-1,0,0,0,1,16,35,15,34,1.0,1,9,4.0,1.0,10,24,16,17,-6.5,-1,-1,1,2
3969,2017,Utah Jazz,Boston Celtics,219.0,200.0,197.273817406,21.7261825939,19.0,2.72618259385,1,0,-1,0,0,0,1,15,35,17,36,5.5,1,9,4.0,1.0,20,14,22,13,-1.5,1,4,2,2
3970,2017,Indiana Pacers,Detroit Pistons,237.0,205.0,207.293564389,29.7064356106,32.0,2.29356438941,1,1,1,1,0,0,0,18,37,18,36,5.0,2,18,2.0,2.0,16,20,17,18,-1.5,1,2,1,1
3971,2017,Oklahoma City Thunder,Charlotte Hornets,235.0,208.5,208.808329867,26.1916701326,26.5,0.308329867417,1,1,1,1,0,0,0,19,36,17,36,2.0,1,9,2.0,2.0,19,16,21,14,-2.0,-2,-1,1,2
3972,2017,Chicago Bulls,Cleveland Cavaliers,200.0,204.0,200.463995635,0.463995635193,4.0,3.53600436481,-1,0,1,0,1,0,0,21,34,18,36,3.5,2,24,2.0,2.0,26,7,17,18,10.0,3,1,2,1
3973,2017,Portland Trail Blazers,Golden State Warriors,242.0,222.0,217.886891708,24.1131082916,20.0,4.11310829157,1,0,-1,0,0,0,1,18,36,21,37,16.0,3,22,2.0,3.0,30,5,15,21,15.5,3,1,4,3
3974,2017,Memphis Grizzlies,Los Angeles Clippers,221.0,197.0,201.210005419,19.7899945807,24.0,4.2100054193,1,1,1,1,0,0,0,19,38,18,38,-1.5,3,23,2.0,1.0,23,14,22,15,1.0,1,-1,2,3
3975,2017,Milwaukee Bucks,New York Knicks,209.0,212.5,209.417856088,0.417856088399,3.5,3.0821439116,-1,0,1,0,1,0,0,18,35,16,34,-3.5,1,16,2.0,2.0,16,18,17,16,-1.5,-5,2,2,1
3976,2017,Atlanta Hawks,Orlando Magic,203.0,207.0,206.439181693,3.43918169265,4.0,0.560818307353,-1,0,1,0,1,0,0,19,37,18,35,-2.0,2,18,2.0,3.0,16,20,18,16,-3.0,1,3,1,1
3977,2017,Miami Heat,Sacramento Kings,209.0,204.0,206.365788988,2.63421101228,5.0,2.36578898772,1,1,1,1,0,0,0,15,35,19,37,8.0,2,10,1.0,1.0,15,19,10,26,6.0,1,-6,1,2
3978,2017,Utah Jazz,Toronto Raptors,194.0,197.0,194.543062096,0.543062096234,3.0,2.45693790377,-1,0,1,0,1,0,0,17,35,18,37,4.5,2,10,2.0,2.0,23,11,22,14,2.0,-1,-1,1,3
3979,2017,Los Angeles Lakers,Portland Trail Blazers,227.0,221.0,215.32371269,11.6762873096,6.0,5.67628730962,1,0,-1,0,0,0,1,17,38,21,39,6.5,1,15,1.0,2.0,15,22,13,25,2.5,-1,1,1,1
3980,2017,Atlanta Hawks,New Orleans Pelicans,193.0,208.5,205.445411316,12.4454113163,15.5,3.05458868375,-1,0,1,0,1,0,0,21,37,19,36,2.0,2,10,3.0,1.0,14,22,19,16,-5.5,-1,4,1,2
3981,2017,Brooklyn Nets,Indiana Pacers,230.0,218.5,211.747016081,18.2529839194,11.5,6.75298391939,1,0,-1,0,0,0,1,19,37,18,34,10.5,3,17,2.0,3.0,18,18,8,25,8.5,3,-3,1,1
3982,2017,Charlotte Hornets,Detroit Pistons,229.0,208.0,206.82221925,22.1777807498,21.0,1.17778074977,1,0,-1,0,0,0,1,19,38,18,37,5.0,3,17,2.0,1.0,16,21,20,16,-4.5,-1,1,2,1
3983,2017,San Antonio Spurs,Denver Nuggets,226.0,213.5,209.639974291,16.3600257093,12.5,3.86002570925,1,0,-1,0,0,0,1,18,36,20,36,-7.0,1,16,2.0,2.0,14,21,28,7,-14.0,-3,1,2,1
3984,2017,Phoenix Suns,Dallas Mavericks,197.0,206.0,204.810522306,7.81052230557,9.0,1.18947769443,-1,0,1,0,1,0,0,17,36,21,37,5.5,1,15,2.0,2.0,11,24,11,25,0.5,1,1,2,1
3985,2017,Oklahoma City Thunder,Houston Rockets,234.0,227.5,229.178823123,4.82117687696,6.5,1.67882312304,1,1,1,1,0,0,0,18,37,18,37,8.0,3,23,3.0,1.0,27,9,21,15,6.0,5,-2,4,3
3986,2017,Los Angeles Clippers,Sacramento Kings,204.0,212.0,211.788535409,7.78853540913,8.0,0.211464590872,-1,0,1,0,1,0,0,16,36,20,39,-2.0,2,18,2.0,2.0,15,20,24,14,-7.5,-1,2,2,1
3987,2017,Houston Rockets,Orlando Magic,193.0,224.0,217.950993511,24.9509935106,31.0,6.04900648941,-1,0,1,0,1,0,0,20,38,20,38,-5.0,1,9,2.0,1.0,16,21,28,9,-12.0,-1,6,2,1
3988,2017,New York Knicks,Milwaukee Bucks,227.0,213.5,210.49923147,16.5007685304,13.5,3.00076853036,1,0,-1,0,0,0,1,19,35,18,36,5.0,2,17,2.0,2.0,18,16,16,19,2.5,3,-6,1,1
3989,2017,Minnesota Timberwolves,Washington Wizards,217.0,211.5,209.359279906,7.64072009361,5.5,2.14072009361,1,0,-1,0,0,0,1,20,35,18,36,4.5,1,9,3.0,3.0,16,18,11,24,5.5,-2,-2,1,2
3990,2017,Memphis Grizzlies,Golden State Warriors,222.0,215.5,216.776416544,5.22358345597,6.5,1.27641654403,1,1,1,1,0,0,0,19,37,19,39,13.5,2,22,2.0,2.0,31,5,22,16,10.0,4,-2,5,4
3991,2017,Cleveland Cavaliers,Brooklyn Nets,224.0,221.0,220.108960715,3.8910392848,3.0,0.891039284798,1,0,-1,0,0,0,1,17,35,14,35,-13.0,2,17,1.0,2.0,8,26,26,8,-18.0,-4,-1,1,1
3992,2017,Philadelphia 76ers,Boston Celtics,216.0,212.5,211.976717691,4.02328230921,3.5,0.523282309209,1,0,-1,0,0,0,1,16,36,14,34,11.0,2,18,3.0,3.0,21,14,9,24,11.0,2,2,3,1
3993,2017,Miami Heat,Los Angeles Lakers,227.0,213.5,215.427808055,11.5721919446,13.5,1.92780805539,1,1,1,1,0,0,0,19,40,20,38,2.5,2,10,1.0,2.0,13,26,11,26,1.0,-1,1,1,3
3994,2017,New Orleans Pelicans,Boston Celtics,225.0,212.0,210.267466696,14.7325333041,13.0,1.73253330405,1,0,-1,0,0,0,1,17,37,17,38,6.0,2,10,1.0,2.0,22,14,14,23,8.5,3,-2,4,1
3995,2017,Toronto Raptors,Chicago Bulls,214.0,207.0,203.457748445,10.5422515548,7.0,3.54225155484,1,0,-1,0,0,0,1,19,37,19,36,-1.5,1,16,3.0,2.0,18,18,24,11,-6.5,2,1,1,1
3996,2017,Atlanta Hawks,Dallas Mavericks,179.0,196.5,198.806759431,19.8067594314,17.5,2.30675943139,-1,1,-1,0,0,1,0,18,37,20,37,-1.0,1,9,2.0,2.0,11,25,20,16,-9.0,-1,5,3,3
3997,2017,New York Knicks,Indiana Pacers,232.0,216.5,213.77371688,18.2262831196,15.5,2.72628311965,1,0,-1,0,0,0,1,20,38,19,37,7.0,2,22,2.0,1.0,19,18,17,19,1.5,4,1,2,2
3998,2017,Utah Jazz,Minnesota Timberwolves,186.0,193.0,189.279166433,3.27916643331,7.0,3.72083356669,-1,0,1,0,1,0,0,19,37,19,38,-4.5,2,18,1.0,2.0,11,25,22,15,-10.5,-3,-2,1,4
3999,2017,Denver Nuggets,Oklahoma City Thunder,227.0,220.5,217.788845635,9.21115436474,6.5,2.71115436474,1,0,-1,0,0,0,1,20,38,19,37,7.5,2,18,2.0,2.0,21,16,14,22,6.5,-3,-4,1,1
4000,2017,Charlotte Hornets,San Antonio Spurs,187.0,208.5,203.70535814,16.7053581403,21.5,4.79464185974,-1,0,1,0,1,0,0,17,37,19,38,11.0,2,10,2.0,2.0,29,7,20,17,9.5,2,-1,1,2
4001,2017,Detroit Pistons,Portland Trail Blazers,212.0,213.0,209.98036655,2.01963344997,1.0,3.01963344997,-1,0,1,0,1,0,0,18,39,20,39,3.5,1,9,3.0,3.0,16,22,17,21,-1.0,1,1,2,1
4002,2017,Houston Rockets,Toronto Raptors,251.0,227.5,226.607910398,24.3920896024,23.5,0.892089602433,1,0,-1,0,0,0,1,18,37,21,39,-2.0,2,10,1.0,2.0,24,12,29,9,-4.0,-1,7,1,2
4003,2017,Golden State Warriors,Sacramento Kings,223.0,226.5,218.930642803,4.0693571965,3.5,7.5693571965,-1,0,1,0,1,0,0,17,37,19,38,-11.5,1,17,2.0,2.0,15,21,31,6,-15.5,-2,-1,3,1
4004,2017,Cleveland Cavaliers,Phoenix Suns,236.0,221.0,217.681948118,18.3180518817,15.0,3.31805188166,1,0,-1,0,0,0,1,17,38,15,36,-8.5,1,9,3.0,2.0,12,25,27,8,-16.0,2,1,1,2
4005,2017,Miami Heat,Los Angeles Clippers,184.0,207.0,203.234151849,19.2341518485,23.0,3.76584815149,-1,0,1,0,1,0,0,20,40,21,39,9.0,2,10,2.0,2.0,25,14,11,27,13.5,3,-1,1,4
4006,2017,Utah Jazz,Memphis Grizzlies,167.0,187.5,188.142910577,21.1429105773,20.5,0.642910577333,-1,1,-1,0,0,1,0,21,40,20,39,2.5,3,17,2.0,1.0,23,16,23,15,-0.5,1,1,1,5
4007,2017,Orlando Magic,Los Angeles Lakers,206.0,217.0,213.067705206,7.06770520565,11.0,3.93229479435,-1,0,1,0,1,0,0,20,41,19,39,2.5,2,10,2.0,2.0,14,26,16,22,-3.0,1,-2,2,1
4008,2017,Philadelphia 76ers,Brooklyn Nets,200.0,216.0,217.043170057,17.0431700566,16.0,1.04317005663,-1,1,-1,0,0,1,0,18,36,15,35,1.0,2,18,2.0,2.0,8,27,9,25,-1.5,-5,-1,2,2
4009,2017,Washington Wizards,Milwaukee Bucks,208.0,213.5,210.14810931,2.14810930955,5.5,3.35189069045,-1,0,1,0,1,0,0,20,36,16,36,4.5,4,18,2.0,2.0,18,17,17,18,1.0,-1,1,2,1
4010,2017,Oklahoma City Thunder,Chicago Bulls,203.0,210.5,209.943284142,6.94328414247,7.5,0.556715857532,-1,0,1,0,1,0,0,20,38,19,39,-1.0,1,9,2.0,2.0,19,18,22,16,-2.5,3,1,2,1
4011,2017,Dallas Mavericks,Minnesota Timberwolves,193.0,195.0,195.544615122,2.54461512153,2.0,0.544615121532,-1,1,-1,0,0,1,0,20,38,20,38,4.5,1,16,2.0,2.0,11,26,11,26,0.0,-4,-2,2,1
4012,2017,New Orleans Pelicans,New York Knicks,206.0,214.5,213.001217204,7.00121720418,8.5,1.49878279582,-1,0,1,0,1,0,0,19,38,18,39,3.5,2,10,2.0,2.0,17,20,14,24,3.5,-1,-3,1,2
4013,2017,Chicago Bulls,Washington Wizards,200.0,204.0,201.633304296,1.63330429623,4.0,2.36669570377,-1,0,1,0,1,0,0,21,37,19,39,12.0,3,22,2.0,1.0,18,18,19,19,0.0,2,-1,1,1
4014,2017,Cleveland Cavaliers,Utah Jazz,192.0,203.5,202.668690805,10.6686908055,11.5,0.831309194512,-1,0,1,0,1,0,0,20,40,16,37,-1.0,1,9,2.0,2.0,23,16,28,8,-6.5,-1,2,1,3
4015,2017,Boston Celtics,Toronto Raptors,220.0,217.5,214.92443153,5.07556847023,2.5,2.57556847023,1,0,-1,0,0,0,1,19,38,21,38,5.5,2,18,2.0,3.0,24,13,23,14,1.0,-2,4,2,1
4016,2017,Milwaukee Bucks,San Antonio Spurs,216.0,203.0,200.138874231,15.8611257687,13.0,2.86112576866,1,0,-1,0,0,0,1,18,38,17,37,10.0,2,10,3.0,2.0,30,7,18,18,11.5,3,-2,2,1
4017,2017,Miami Heat,Golden State Warriors,202.0,218.0,217.041800785,15.0418007846,16.0,0.958199215421,-1,0,1,0,1,0,0,20,39,22,40,14.5,1,9,2.0,2.0,32,6,11,28,21.5,1,-2,1,5
4018,2017,Portland Trail Blazers,Los Angeles Lakers,195.0,228.5,227.842673207,32.8426732071,33.5,0.657326792863,-1,0,1,0,1,0,0,21,42,22,40,-2.0,2,16,2.0,2.0,15,26,16,23,-2.0,2,-1,3,1
4019,2017,Charlotte Hornets,Houston Rockets,235.0,226.0,214.835125879,20.1648741214,9.0,11.1648741214,1,0,-1,0,0,0,1,19,40,20,39,8.5,1,9,2.0,3.0,30,9,20,18,9.5,8,-2,1,3
4020,2017,Atlanta Hawks,Brooklyn Nets,214.0,216.5,213.409457938,0.590542061631,2.5,3.09054206163,-1,0,1,0,1,0,0,19,37,21,38,-8.5,1,21,2.0,3.0,8,28,21,16,-12.5,-6,6,3,4
4021,2017,Detroit Pistons,Sacramento Kings,194.0,205.0,202.526005724,8.52600572439,11.0,2.47399427561,-1,0,1,0,1,0,0,18,38,21,40,3.0,1,9,2.0,2.0,15,22,18,21,-2.0,-3,2,4,2
4022,2017,New York Knicks,Philadelphia 76ers,195.0,211.0,211.009942288,16.009942288,16.0,0.00994228798461,-1,1,-1,0,0,1,0,21,36,20,39,-2.0,1,17,3.0,2.0,10,25,17,21,-5.5,1,-2,1,1
4023,2017,Memphis Grizzlies,Oklahoma City Thunder,198.0,203.5,201.008963904,3.0089639041,5.5,2.4910360959,-1,0,1,0,1,0,0,21,40,20,41,4.5,2,28,2.0,3.0,23,16,24,16,-0.5,2,2,1,1
4024,2017,Cleveland Cavaliers,Portland Trail Blazers,188.0,222.0,216.584824761,28.5848247612,34.0,5.41517523876,-1,0,1,0,1,0,0,19,41,17,38,-5.0,2,10,1.0,1.0,17,23,28,9,-12.5,1,-1,1,4
4025,2017,Orlando Magic,Los Angeles Clippers,201.0,209.0,203.680048641,2.68004864087,8.0,5.31995135913,-1,0,1,0,1,0,0,21,41,20,40,10.0,2,10,3.0,3.0,26,14,16,23,9.5,4,-3,2,2
4026,2017,Washington Wizards,Boston Celtics,225.0,217.5,209.611820221,15.3881797792,7.5,7.88817977918,1,0,-1,0,0,0,1,18,39,17,38,5.5,2,16,1.0,1.0,23,15,19,18,3.5,-1,3,1,1
4027,2017,Houston Rockets,Minnesota Timberwolves,224.0,218.5,216.76366714,7.23633285962,5.5,1.73633285962,1,0,-1,0,0,0,1,21,39,22,41,-3.0,2,16,2.0,1.0,12,26,31,9,-18.0,1,9,3,1
4028,2017,New Orleans Pelicans,Brooklyn Nets,199.0,214.5,212.761924305,13.7619243046,15.5,1.73807569538,-1,0,1,0,1,0,0,20,38,19,40,2.5,1,9,2.0,3.0,8,29,15,24,-6.0,-7,1,4,3
4029,2017,Indiana Pacers,Denver Nuggets,252.0,226.0,216.440576952,35.5594230484,26.0,9.55942304842,1,0,-1,0,0,0,1,19,38,19,39,-4.5,1,9,5.0,5.0,14,23,20,18,-5.5,-5,5,1,1
4030,2017,Detroit Pistons,Golden State Warriors,234.0,218.0,220.42705899,13.5729410104,16.0,2.42705898957,1,1,1,1,0,0,0,21,40,22,41,13.5,2,10,2.0,2.0,33,6,18,22,15.5,2,-1,2,3
4031,2017,Chicago Bulls,New York Knicks,193.0,207.5,202.087162913,9.08716291296,14.5,5.41283708704,-1,0,1,0,1,0,0,20,40,20,40,3.0,2,17,1.0,2.0,17,22,19,20,-2.0,-3,-2,1,2
4032,2017,Dallas Mavericks,Phoenix Suns,221.0,207.5,205.979808394,15.0201916055,13.5,1.52019160552,1,0,-1,0,0,0,1,18,39,21,39,-2.0,2,16,4.0,3.0,12,26,11,27,1.0,-1,-3,2,2
4033,2017,Los Angeles Lakers,San Antonio Spurs,228.0,212.0,211.502102549,16.4978974505,16.0,0.497897450506,1,0,-1,0,0,0,1,19,39,22,43,14.0,2,20,2.0,2.0,30,8,15,27,17.0,-1,-1,3,1
4034,2017,Detroit Pistons,Utah Jazz,187.0,191.0,191.211100098,4.21110009806,4.0,0.211100098059,-1,1,-1,0,0,1,0,21,41,23,42,11.5,1,9,3.0,1.0,24,16,18,23,6.5,1,-2,2,4
4035,2017,Brooklyn Nets,Toronto Raptors,245.0,224.0,213.132299367,31.8677006326,21.0,10.8677006326,1,0,-1,0,0,0,1,20,39,19,39,15.0,2,25,3.0,1.0,25,13,8,30,17.0,1,-8,3,1
4036,2017,Cleveland Cavaliers,Sacramento Kings,228.0,214.5,220.69029899,7.30970100969,13.5,6.19029899031,1,1,1,1,0,0,0,19,39,18,39,-6.5,1,9,3.0,2.0,16,22,28,10,-12.0,1,-2,5,5
4037,2017,Orlando Magic,Portland Trail Blazers,224.0,213.5,211.928887045,12.0711129549,10.5,1.57111295488,1,0,-1,0,0,0,1,20,42,21,41,7.0,1,9,2.0,2.0,18,23,16,24,1.5,2,-4,2,3
4038,2017,Oklahoma City Thunder,Minnesota Timberwolves,182.0,208.5,207.339141167,25.339141167,26.5,1.16085883301,-1,0,1,0,1,0,0,22,40,20,41,-2.0,3,19,2.0,2.0,13,26,24,16,-10.5,2,3,4,1
4039,2017,Miami Heat,Milwaukee Bucks,224.0,205.0,204.534235516,19.4657644837,19.0,0.46576448365,1,0,-1,0,0,0,1,21,38,23,41,7.5,2,20,3.0,3.0,19,18,11,29,9.5,1,-3,1,6
4040,2017,Memphis Grizzlies,Houston Rockets,215.0,216.0,211.814592148,3.18540785245,1.0,4.18540785245,-1,0,1,0,1,0,0,20,42,21,42,7.5,2,18,2.0,2.0,31,10,24,17,7.0,-1,-1,1,2
4041,2017,Boston Celtics,Atlanta Hawks,204.0,212.0,213.695063296,9.69506329647,8.0,1.69506329647,-1,1,-1,0,0,1,0,18,39,22,40,4.0,1,22,3.0,2.0,22,16,24,15,-1.5,7,1,1,1
4042,2017,Charlotte Hornets,Philadelphia 76ers,195.0,208.0,201.965928852,6.96592885228,13.0,6.03407114772,-1,0,1,0,1,0,0,22,37,21,40,-5.0,2,17,2.0,3.0,11,25,20,19,-7.5,2,-3,2,4
4043,2017,New Orleans Pelicans,Chicago Bulls,206.0,205.5,208.550266175,2.55026617465,0.5,3.05026617465,1,1,1,1,0,0,0,21,41,20,41,3.5,1,9,2.0,2.0,19,21,16,24,3.0,-3,2,1,4
4044,2017,Los Angeles Lakers,Los Angeles Clippers,210.0,218.5,211.043092338,1.04309233829,8.5,7.45690766171,-1,0,1,0,1,0,0,22,42,23,44,11.5,2,18,3.0,2.0,27,14,15,28,13.0,5,-2,3,2
4045,2017,San Antonio Spurs,Phoenix Suns,213.0,212.5,214.888828925,1.88882892498,0.5,2.38882892498,1,1,1,1,0,0,0,19,40,21,40,-12.5,3,18,2.0,2.0,12,27,31,8,-19.0,-2,1,3,1
4046,2017,Orlando Magic,Utah Jazz,221.0,194.5,188.140813573,32.8591864268,26.5,6.35918642684,1,0,-1,0,0,0,1,22,42,22,42,11.0,2,10,1.0,1.0,25,16,17,24,8.0,2,1,3,4
4047,2017,Philadelphia 76ers,Washington Wizards,202.0,210.5,211.886331431,9.88633143084,8.5,1.38633143084,-1,1,-1,0,0,1,0,22,39,16,38,10.0,2,17,3.0,1.0,19,19,12,25,6.5,-1,3,1,1
4048,2017,Oklahoma City Thunder,Sacramento Kings,240.0,213.5,214.588366873,25.4116331272,26.5,1.08836687278,1,1,1,1,0,0,0,20,40,21,42,-1.5,2,17,2.0,2.0,16,23,24,17,-7.0,-1,-1,6,2
4049,2017,New York Knicks,Toronto Raptors,217.0,219.5,211.224221765,5.77577823504,2.5,8.27577823504,-1,0,1,0,1,0,0,21,40,21,41,10.0,2,18,2.0,3.0,26,13,18,22,8.5,2,1,4,1
4050,2017,Chicago Bulls,Memphis Grizzlies,212.0,192.5,188.504604715,23.4953952846,19.5,3.99539528456,1,0,-1,0,0,0,1,22,43,21,42,8.5,1,9,2.0,1.0,25,17,20,21,4.5,1,1,1,1
4051,2017,Milwaukee Bucks,Atlanta Hawks,209.0,205.5,203.49687522,5.50312477964,3.5,2.00312477964,1,0,-1,0,0,0,1,19,40,18,39,4.0,3,17,2.0,2.0,22,17,20,18,1.5,-1,2,2,1
4052,2017,Minnesota Timberwolves,Dallas Mavericks,185.0,197.5,196.21365945,11.2136594496,12.5,1.28634055044,-1,0,1,0,1,0,0,19,40,19,41,0.0,2,17,3.0,2.0,12,27,14,26,-1.5,1,3,1,1
4053,2017,Houston Rockets,Brooklyn Nets,249.0,234.5,230.354015437,18.6459845628,14.5,4.14598456284,1,0,-1,0,0,0,1,21,40,23,43,-14.0,2,10,2.0,2.0,8,31,31,11,-21.5,-9,-2,1,1
4054,2017,Detroit Pistons,Los Angeles Lakers,199.0,213.0,213.598986971,14.5989869705,14.0,0.598986970515,-1,1,-1,0,0,1,0,22,45,24,43,-2.0,1,9,1.0,2.0,15,29,18,24,-4.0,-3,-3,1,5
4055,2017,Portland Trail Blazers,Washington Wizards,221.0,219.0,213.238654341,7.76134565908,2.0,5.76134565908,1,0,-1,0,0,0,1,23,40,23,43,3.5,1,9,2.0,3.0,20,19,18,24,3.5,1,-1,2,1
4056,2017,Atlanta Hawks,New York Knicks,215.0,210.5,211.853488838,3.14651116238,4.5,1.35348883762,1,1,1,1,0,0,0,21,42,22,41,-2.5,3,17,1.0,1.0,18,23,23,17,-5.5,-1,1,1,1
4057,2017,Philadelphia 76ers,Milwaukee Bucks,217.0,207.0,206.792961374,10.2070386256,10.0,0.207038625578,1,0,-1,0,0,0,1,22,40,17,39,8.5,1,15,1.0,2.0,20,19,12,26,7.5,-1,-1,1,2
4058,2017,Oklahoma City Thunder,Los Angeles Clippers,218.0,217.5,211.045579164,6.95442083591,0.5,6.45442083591,1,0,-1,0,0,0,1,23,43,22,43,8.0,4,24,2.0,1.0,28,14,25,17,3.0,6,1,4,3
4059,2017,Utah Jazz,Phoenix Suns,207.0,205.0,201.348616386,5.65138361417,2.0,3.65138361417,1,0,-1,0,0,0,1,20,41,21,43,-6.0,3,18,2.0,2.0,13,27,26,16,-12.0,1,3,4,1
4060,2017,Cleveland Cavaliers,Golden State Warriors,217.0,227.5,227.941225941,10.9412259415,10.5,0.441225941456,-1,1,-1,0,0,1,0,22,41,19,40,9.0,2,23,4.0,3.0,34,6,29,10,4.5,3,1,3,6
4061,2017,Orlando Magic,Denver Nuggets,237.0,223.5,213.984631624,23.015368376,13.5,9.51536837603,1,0,-1,0,0,0,1,20,39,23,43,6.0,2,10,4.0,2.0,15,23,17,25,0.0,1,-1,2,5
4062,2017,Charlotte Hornets,Boston Celtics,206.0,217.0,210.715874047,4.71587404708,11.0,6.28412595292,-1,0,1,0,1,0,0,19,41,22,41,5.0,3,17,3.0,3.0,25,15,20,20,5.0,2,-4,1,5
4063,2017,New Orleans Pelicans,Indiana Pacers,193.0,214.0,209.83059792,16.83059792,21.0,4.16940207996,-1,0,1,0,1,0,0,21,40,21,42,5.0,2,10,4.0,2.0,20,19,16,25,5.0,-1,-1,1,5
4064,2017,Toronto Raptors,Brooklyn Nets,228.0,225.0,219.393910296,8.6060897036,3.0,5.6060897036,1,0,-1,0,0,0,1,22,41,20,41,-8.0,3,26,2.0,2.0,8,32,27,13,-19.0,-10,3,2,1
4065,2017,Dallas Mavericks,Chicago Bulls,197.0,196.5,195.59605846,1.40394154,0.5,0.903941539999,1,0,-1,0,0,0,1,22,43,22,41,4.5,2,10,2.0,2.0,21,21,13,27,7.0,2,2,1,1
4066,2017,Denver Nuggets,Los Angeles Lakers,248.0,230.0,228.4809219,19.5190780999,18.0,1.51907809993,1,0,-1,0,0,0,1,23,46,20,40,0.0,1,16,2.0,1.0,15,30,16,23,-4.0,-4,2,2,1
4067,2017,Houston Rockets,Miami Heat,212.0,221.0,215.129409826,3.12940982574,9.0,5.87059017426,-1,0,1,0,1,0,0,19,42,24,44,-7.0,1,9,4.0,2.0,11,30,32,11,-20.0,-4,1,1,2
4068,2017,Minnesota Timberwolves,San Antonio Spurs,236.0,202.0,196.598846016,39.401153984,34.0,5.401153984,1,0,-1,0,0,0,1,20,41,20,42,12.0,2,16,3.0,2.0,31,9,14,27,17.5,-1,-1,1,2
4069,2017,Orlando Magic,New Orleans Pelicans,216.0,210.5,212.315391539,3.68460846066,5.5,1.81539153934,1,1,1,1,0,0,0,22,43,24,44,5.0,2,10,2.0,2.0,16,26,17,26,-0.5,-2,-2,1,6
4070,2017,Indiana Pacers,Sacramento Kings,206.0,213.0,214.495367069,8.49536706857,7.0,1.49536706857,-1,1,-1,0,0,1,0,21,41,20,41,2.5,1,9,3.0,2.0,16,24,21,19,-5.0,-2,1,7,1
4071,2017,Toronto Raptors,Philadelphia 76ers,183.0,215.5,213.484898334,30.4848983337,32.5,2.01510166627,-1,0,1,0,1,0,0,23,40,21,42,-5.5,3,19,2.0,1.0,13,26,28,13,-14.0,1,4,1,2
4072,2017,Milwaukee Bucks,Houston Rockets,203.0,226.0,215.278152644,12.2781526443,23.0,10.7218473557,-1,0,1,0,1,0,0,21,45,19,41,6.0,1,9,1.0,2.0,32,12,20,20,10.0,-1,-2,1,1
4073,2017,Memphis Grizzlies,Washington Wizards,205.0,208.0,200.789869871,4.21013012929,3.0,7.21013012929,-1,0,1,0,1,0,0,24,41,22,44,2.0,2,10,2.0,3.0,21,19,25,18,-2.5,2,-1,3,1
4074,2017,Atlanta Hawks,Detroit Pistons,213.0,199.5,203.475591726,9.52440827405,13.5,3.97559172595,1,1,1,1,0,0,0,20,44,23,42,-2.5,3,18,3.0,2.0,19,24,24,17,-6.0,1,2,1,2
4075,2017,Portland Trail Blazers,Charlotte Hornets,192.0,217.0,211.470789359,19.4707893591,25.0,5.52921064095,-1,0,1,0,1,0,0,20,42,24,44,5.0,1,9,2.0,2.0,20,21,18,25,3.0,-5,-2,1,2
4076,2017,New York Knicks,Boston Celtics,223.0,219.0,210.838017343,12.1619826572,4.0,8.1619826572,1,0,-1,0,0,0,1,20,42,22,43,9.0,3,25,2.0,2.0,26,15,18,24,8.5,3,-2,2,1
4077,2017,Oklahoma City Thunder,Golden State Warriors,221.0,231.0,226.621684138,5.62168413768,10.0,4.37831586232,-1,0,1,0,1,0,0,23,42,23,44,15.0,2,23,2.0,2.0,35,6,25,18,11.0,4,-1,4,4
4078,2017,Phoenix Suns,Cleveland Cavaliers,221.0,220.5,209.138875489,11.8611245114,0.5,11.3611245114,1,0,-1,0,0,0,1,22,41,22,42,11.5,2,10,3.0,3.0,29,11,13,28,16.5,-1,-1,1,1
4079,2017,Minnesota Timberwolves,Los Angeles Clippers,205.0,207.5,202.072662617,2.92733738331,2.5,5.42733738331,-1,0,1,0,1,0,0,24,44,21,43,-1.5,2,17,3.0,2.0,29,14,14,28,14.5,7,-2,5,3
4080,2017,Dallas Mavericks,Miami Heat,194.0,200.5,200.418316842,6.41831684241,6.5,0.0816831575879,-1,0,1,0,1,0,0,20,43,23,42,2.0,1,9,2.0,2.0,12,30,14,27,-2.5,1,3,2,2
4081,2017,Washington Wizards,New York Knicks,223.0,221.0,214.882599364,8.11740063554,2.0,6.11740063554,1,0,-1,0,0,0,1,22,44,18,42,-1.5,2,16,1.0,1.0,19,24,22,19,-4.0,1,3,1,1
4082,2017,Denver Nuggets,San Antonio Spurs,222.0,216.5,211.901450311,10.0985496891,5.5,4.59854968911,1,0,-1,0,0,0,1,21,42,21,41,13.0,2,17,2.0,2.0,32,9,17,23,14.5,1,3,2,2
4083,2017,Portland Trail Blazers,Philadelphia 76ers,185.0,210.0,208.113276443,23.1132764431,25.0,1.88672355687,-1,0,1,0,1,0,0,24,41,25,45,-2.5,1,9,2.0,2.0,14,26,18,26,-2.0,2,-3,2,3
4084,2017,Milwaukee Bucks,Orlando Magic,208.0,211.5,213.630557855,5.63055785481,3.5,2.13055785481,-1,1,-1,0,0,1,0,21,45,20,42,-3.5,3,18,2.0,2.0,17,27,20,21,-4.5,-3,-3,1,2
4085,2017,Brooklyn Nets,New Orleans Pelicans,257.0,221.5,212.726245439,44.2737545612,35.5,8.7737545612,1,0,-1,0,0,0,1,23,44,20,42,10.0,2,10,2.0,3.0,17,26,8,33,8.0,1,-11,2,1
4086,2017,Sacramento Kings,Memphis Grizzlies,198.0,200.0,192.824176348,5.17582365207,2.0,7.17582365207,-1,0,1,0,1,0,0,23,45,21,42,8.0,3,17,2.0,2.0,25,19,16,25,7.5,-2,-3,1,1
4087,2017,Utah Jazz,Dallas Mavericks,196.0,188.5,188.312125529,7.68787447111,7.5,0.187874471114,1,0,-1,0,0,0,1,20,43,22,44,-5.5,3,17,1.0,4.0,14,28,27,16,-12.5,-1,4,1,2
4088,2017,Golden State Warriors,Houston Rockets,233.0,242.0,229.559217281,3.44078271896,9.0,12.440782719,-1,0,1,0,1,0,0,22,46,20,43,-5.5,2,26,2.0,2.0,33,12,36,6,-4.5,1,5,2,1
4089,2017,Toronto Raptors,Charlotte Hornets,191.0,216.0,212.09009195,21.0900919502,25.0,3.90990804982,-1,0,1,0,1,0,0,21,43,22,43,1.5,2,16,2.0,2.0,21,21,28,14,-7.0,1,-1,2,3
4090,2017,Chicago Bulls,Atlanta Hawks,195.0,204.5,205.095490053,10.0954900527,9.5,0.595490052748,-1,1,-1,0,0,1,0,20,43,22,44,4.0,2,16,2.0,3.0,24,18,21,22,3.5,-1,-1,1,1
4091,2017,Indiana Pacers,Los Angeles Lakers,204.0,220.5,216.546745028,12.5467450283,16.5,3.9532549717,-1,0,1,0,1,0,0,24,47,21,42,-4.0,2,10,3.0,2.0,15,31,22,19,-9.5,-5,2,3,2
4092,2017,Washington Wizards,Detroit Pistons,225.0,208.0,207.658830502,17.3411694976,17.0,0.341169497637,1,0,-1,0,0,0,1,21,45,19,43,2.5,2,17,3.0,2.0,20,24,23,19,-4.0,2,4,2,2
4093,2017,Indiana Pacers,Utah Jazz,209.0,200.5,199.357956226,9.64204377384,8.5,1.14204377384,1,0,-1,0,0,0,1,23,45,22,43,6.5,1,9,1.0,1.0,28,16,22,20,5.0,5,-1,1,3
4094,2017,Phoenix Suns,New York Knicks,212.0,223.5,213.612574934,1.61257493446,11.5,9.88742506554,-1,0,1,0,1,0,0,23,45,23,43,4.5,2,10,2.0,2.0,19,25,13,29,5.0,-1,-2,2,2
4095,2017,Houston Rockets,Memphis Grizzlies,214.0,216.0,211.382306731,2.61769326911,2.0,4.61769326911,-1,0,1,0,1,0,0,24,46,25,47,0.0,3,19,1.0,1.0,26,19,33,13,-6.5,1,-1,2,1
4096,2017,Los Angeles Clippers,Denver Nuggets,221.0,222.5,211.652331939,9.34766806102,1.5,10.847668061,-1,0,1,0,1,0,0,21,42,21,45,5.0,3,17,2.0,2.0,17,24,29,15,-10.5,-1,-1,1,1
4097,2017,Milwaukee Bucks,Miami Heat,206.0,205.0,200.779469578,5.22053042219,1.0,4.22053042219,1,0,-1,0,0,0,1,21,44,21,43,-2.0,3,21,2.0,1.0,13,30,20,22,-7.5,2,-4,3,3
4098,2017,Brooklyn Nets,Charlotte Hornets,217.0,222.0,213.652770039,3.34722996076,5.0,8.34722996076,-1,0,1,0,1,0,0,22,44,21,43,12.0,3,17,1.0,1.0,22,21,9,33,12.5,2,1,3,2
4099,2017,Sacramento Kings,Chicago Bulls,201.0,205.0,208.758168934,7.75816893389,4.0,3.75816893389,-1,1,-1,0,0,1,0,23,45,22,43,6.5,1,9,1.0,1.0,21,23,16,26,4.0,-2,-4,1,2
4100,2017,Portland Trail Blazers,Boston Celtics,226.0,217.0,209.647979424,16.3520205764,9.0,7.35202057637,1,0,-1,0,0,0,1,21,43,26,46,7.5,1,9,3.0,1.0,26,16,18,27,9.5,-1,-4,3,4
4101,2017,Philadelphia 76ers,Atlanta Hawks,203.0,200.0,200.682527515,2.31747248495,3.0,0.682527515048,1,1,1,1,0,0,0,21,44,18,42,10.0,3,17,1.0,1.0,25,18,15,26,9.0,1,3,2,1
4102,2017,San Antonio Spurs,Cleveland Cavaliers,214.0,211.5,206.135598469,7.86440153107,2.5,5.36440153107,1,0,-1,0,0,0,1,23,42,22,43,3.5,1,9,2.0,2.0,30,11,33,9,-2.5,1,2,2,1
4103,2017,Los Angeles Lakers,Dallas Mavericks,195.0,206.5,203.429443059,8.42944305867,11.5,3.07055694133,-1,0,1,0,1,0,0,21,44,24,48,6.0,3,17,2.0,2.0,14,29,16,31,0.0,-2,1,2,1
4104,2017,Denver Nuggets,Minnesota Timberwolves,219.0,221.0,214.629675902,4.37032409833,2.0,6.37032409833,-1,0,1,0,1,0,0,23,44,22,43,3.5,3,19,3.0,1.0,15,28,18,24,-3.5,1,1,1,1
4105,2017,Golden State Warriors,Orlando Magic,216.0,224.5,218.50371432,2.50371431963,8.5,5.99628568037,-1,0,1,0,1,0,0,22,46,21,44,-13.5,1,9,2.0,2.0,18,27,37,6,-20.0,1,6,2,2
4106,2017,Phoenix Suns,Toronto Raptors,218.0,219.5,212.187460138,5.81253986151,1.5,7.31253986151,-1,0,1,0,1,0,0,22,44,24,44,12.5,2,10,2.0,1.0,28,15,14,29,14.0,-2,1,1,3
4107,2017,Oklahoma City Thunder,Utah Jazz,192.0,204.0,204.720136307,12.7201363069,12.0,0.720136306864,-1,1,-1,0,0,1,0,24,46,24,45,5.0,2,18,2.0,5.0,29,16,25,19,3.5,6,-2,2,5
4108,2017,Cleveland Cavaliers,New Orleans Pelicans,246.0,215.5,217.466932555,28.5330674453,30.5,1.96693255472,1,1,1,1,0,0,0,24,45,20,43,-10.0,2,10,3.0,2.0,17,27,30,12,-14.0,-1,-1,3,1
4109,2017,Houston Rockets,Milwaukee Bucks,241.0,226.5,215.12084563,25.8791543701,14.5,11.3791543701,1,0,-1,0,0,0,1,23,44,26,48,-4.5,2,10,2.0,2.0,20,23,34,13,-12.0,-5,1,1,2
4110,2017,New York Knicks,Indiana Pacers,212.0,217.0,212.169014404,0.169014403508,5.0,4.83098559649,-1,0,1,0,1,0,0,22,44,23,46,5.0,3,23,2.0,2.0,22,21,19,26,4.0,-2,-2,1,1
4111,2017,Golden State Warriors,Miami Heat,207.0,217.5,216.121378797,9.12137879721,10.5,1.37862120279,-1,0,1,0,1,0,0,22,45,22,45,-11.0,2,10,2.0,1.0,14,30,38,6,-24.0,3,7,4,3
4112,2017,Washington Wizards,Charlotte Hornets,208.0,212.5,212.424281706,4.42428170567,4.5,0.0757182943294,-1,0,1,0,1,0,0,23,45,20,44,6.5,2,18,2.0,2.0,23,21,23,20,-0.5,3,-1,4,3
4113,2017,San Antonio Spurs,Brooklyn Nets,198.0,214.5,215.580081419,17.580081419,16.5,1.08008141901,-1,1,-1,0,0,1,0,23,44,23,44,-8.5,2,10,2.0,2.0,9,34,34,9,-25.0,-1,3,1,2
4114,2017,Los Angeles Clippers,Atlanta Hawks,220.0,206.5,203.361581321,16.6384186792,13.5,3.13841867921,1,0,-1,0,0,0,1,22,45,22,46,7.5,1,9,2.0,2.0,26,18,29,16,-2.5,2,-2,3,2
4115,2017,Sacramento Kings,Detroit Pistons,213.0,205.0,207.242957773,5.75704222744,8.0,2.24295777256,1,1,1,1,0,0,0,22,46,23,44,7.0,2,10,2.0,2.0,21,24,16,27,4.0,3,-5,3,3
4116,2017,Utah Jazz,Denver Nuggets,196.0,210.5,208.963169594,12.9631695942,14.5,1.5368304058,-1,0,1,0,1,0,0,22,44,23,47,1.5,4,20,2.0,1.0,18,25,29,17,-9.5,-1,-1,1,1
4117,2017,Chicago Bulls,Orlando Magic,192.0,204.0,203.957632898,11.9576328982,12.0,0.0423671017945,-1,0,1,0,1,0,0,23,47,23,46,-3.0,2,16,2.0,3.0,18,28,22,23,-4.5,-1,1,3,1
4118,2017,Los Angeles Clippers,Philadelphia 76ers,231.0,204.0,202.96499228,28.0350077198,27.0,1.03500771979,1,0,-1,0,0,0,1,25,43,23,47,-4.5,1,9,3.0,1.0,15,27,30,16,-13.0,-1,1,1,3
4119,2017,Minnesota Timberwolves,Phoenix Suns,223.0,215.5,217.129938654,5.87006134569,7.5,1.62993865431,1,1,1,1,0,0,0,21,45,22,45,-1.5,3,18,2.0,2.0,15,29,16,28,-1.0,2,2,1,1
4120,2017,San Antonio Spurs,Toronto Raptors,214.0,203.0,197.952712096,16.0472879042,11.0,5.04728790416,1,0,-1,0,0,0,1,23,45,24,45,2.5,2,10,2.0,1.0,28,16,35,9,-7.0,-3,4,2,3
4121,2017,Boston Celtics,Washington Wizards,231.0,216.5,215.312827418,15.6871725818,14.5,1.18717258179,1,0,-1,0,0,0,1,25,45,23,44,1.5,3,17,1.0,3.0,24,20,26,17,-2.5,1,-2,1,1
4122,2017,Toronto Raptors,Memphis Grizzlies,200.0,200.0,196.514568742,3.48543125831,0.0,3.48543125831,0,0,0,0,0,0,1,25,47,23,46,5.0,2,10,4.0,1.0,26,20,28,17,-2.5,-1,-4,3,1
4123,2017,Oklahoma City Thunder,New Orleans Pelicans,219.0,217.5,215.845899978,3.15410002182,1.5,1.65410002182,1,0,-1,0,0,0,1,25,46,25,46,-1.5,3,17,2.0,2.0,18,27,26,19,-8.0,1,1,4,6
4124,2017,Los Angeles Lakers,Portland Trail Blazers,203.0,220.0,212.299296972,9.29929697168,17.0,7.70070302832,-1,0,1,0,1,0,0,21,47,25,49,8.0,3,17,4.0,3.0,19,27,16,32,4.0,1,-1,1,2
4125,2017,Philadelphia 76ers,Milwaukee Bucks,223.0,207.0,205.401362191,17.5986378094,16.0,1.59863780936,1,0,-1,0,0,0,1,24,45,19,44,11.0,2,16,2.0,1.0,21,23,16,27,4.5,1,1,2,1
4126,2017,New York Knicks,Dallas Mavericks,198.0,200.5,198.753457161,0.753457161,2.5,1.746542839,-1,0,1,0,1,0,0,22,45,24,47,2.5,2,10,3.0,2.0,15,29,20,26,-4.0,1,1,3,2
4127,2017,Miami Heat,Brooklyn Nets,215.0,218.0,216.822781215,1.82278121472,3.0,1.17721878528,-1,0,1,0,1,0,0,24,45,24,46,-2.5,1,21,2.0,2.0,9,35,15,30,-5.5,-2,4,2,1
4128,2017,Golden State Warriors,Charlotte Hornets,216.0,223.5,215.183228452,0.816771547618,7.5,8.31677154762,-1,0,1,0,1,0,0,24,46,23,46,-9.5,1,9,2.0,2.0,23,22,38,7,-15.0,-1,-1,5,4
4129,2017,Atlanta Hawks,Chicago Bulls,233.0,203.5,204.944457143,28.0555428568,29.5,1.44445714315,1,1,1,1,0,0,0,24,47,24,46,-1.5,3,17,1.0,2.0,23,23,26,19,-3.5,2,-1,1,1
4130,2017,Houston Rockets,Boston Celtics,229.0,229.0,227.359226438,1.64077356243,0.0,1.64077356243,0,0,0,0,0,0,1,22,45,27,49,-4.0,2,10,1.0,2.0,26,18,34,14,-6.0,-3,-1,1,3
4131,2017,Sacramento Kings,Cleveland Cavaliers,208.0,215.5,214.27712001,6.27712000959,7.5,1.22287999041,-1,0,1,0,1,0,0,24,44,24,45,11.0,2,10,2.0,2.0,30,13,17,27,13.5,-2,1,1,4
4132,2017,Phoenix Suns,Denver Nuggets,247.0,232.0,226.958621591,20.0413784088,15.0,5.04137840878,1,0,-1,0,0,0,1,23,45,25,46,7.0,3,17,2.0,2.0,19,25,15,30,4.5,1,-1,2,1
4133,2017,Indiana Pacers,Minnesota Timberwolves,212.0,213.0,210.864513715,1.13548628477,1.0,2.13548628477,-1,0,1,0,1,0,0,24,46,23,45,3.0,1,9,2.0,3.0,17,28,22,22,-5.5,3,-3,1,1
4134,2017,Dallas Mavericks,Oklahoma City Thunder,207.0,197.0,197.850084294,9.14991570609,10.0,0.850084293908,1,1,1,1,0,0,0,22,47,24,46,9.0,1,21,1.0,1.0,27,19,16,29,10.5,2,2,1,1
4135,2017,Los Angeles Lakers,Utah Jazz,184.0,202.5,198.831516602,14.8315166017,18.5,3.66848339834,-1,0,1,0,1,0,0,25,48,26,50,14.0,4,18,2.0,1.0,29,18,16,33,14.0,-2,-2,1,3
4136,2017,Milwaukee Bucks,Toronto Raptors,188.0,213.5,211.342999909,23.3429999094,25.5,2.1570000906,-1,0,1,0,1,0,0,24,47,22,46,6.0,3,17,2.0,2.0,28,18,21,24,6.5,-5,-1,1,1
4137,2017,Memphis Grizzlies,Portland Trail Blazers,221.0,205.5,202.703762583,18.2962374168,15.5,2.79623741684,1,0,-1,0,0,0,1,22,48,23,48,1.0,3,23,2.0,2.0,20,27,27,20,-7.0,2,1,2,1
4138,2017,Houston Rockets,Philadelphia 76ers,241.0,221.0,214.407545406,26.5924545941,20.0,6.59245459408,1,0,-1,0,0,0,1,26,45,28,50,-7.0,2,10,2.0,2.0,17,27,34,15,-14.5,2,-2,1,4
4139,2017,Charlotte Hornets,New York Knicks,217.0,211.5,215.248451364,1.75154863573,5.5,3.74845136427,1,1,1,1,0,0,0,24,48,23,47,-1.0,3,18,2.0,2.0,20,27,23,23,-3.5,-1,-2,1,1
4140,2017,San Antonio Spurs,New Orleans Pelicans,222.0,211.5,210.601428533,11.3985714669,10.5,0.898571466896,1,0,-1,0,0,0,1,26,47,25,46,-7.0,3,19,2.0,3.0,18,28,36,9,-18.5,-1,5,5,4
4141,2017,Miami Heat,Chicago Bulls,188.0,204.0,208.730426679,20.7304266794,16.0,4.73042667939,-1,1,-1,0,0,1,0,25,48,25,47,7.0,3,23,2.0,2.0,23,24,16,30,6.5,-1,5,2,2
4142,2017,Brooklyn Nets,Cleveland Cavaliers,240.0,225.0,216.64119054,23.35880946,15.0,8.35880945998,1,0,-1,0,0,0,1,25,45,22,46,17.0,3,18,2.0,2.0,30,14,9,36,21.5,-3,-3,2,1
4143,2017,Orlando Magic,Boston Celtics,226.0,213.0,209.797228655,16.2027713445,13.0,3.20277134454,1,0,-1,0,0,0,1,23,46,25,48,7.0,2,17,2.0,3.0,27,18,18,29,10.0,1,-2,2,1
4144,2017,Washington Wizards,Atlanta Hawks,198.0,214.0,215.536459331,17.5364593311,16.0,1.53645933114,-1,1,-1,0,0,1,0,23,47,21,46,3.0,3,25,2.0,3.0,27,19,25,20,1.5,1,2,1,1
4145,2017,Sacramento Kings,Indiana Pacers,208.0,211.5,209.739327896,1.73932789574,3.5,1.76067210426,-1,0,1,0,1,0,0,23,46,25,46,4.5,2,10,1.0,2.0,23,22,18,27,5.0,1,2,1,5
4146,2017,Memphis Grizzlies,Utah Jazz,197.0,190.5,189.327326214,7.67267378616,6.5,1.17267378616,1,0,-1,0,0,0,1,26,49,24,49,7.5,4,18,2.0,1.0,30,18,27,21,3.0,1,-1,2,2
4147,2017,Denver Nuggets,Phoenix Suns,235.0,227.5,228.407661271,6.59233872917,7.5,0.907661270827,1,1,1,1,0,0,0,22,47,23,46,3.5,4,18,2.0,2.0,15,31,20,25,-5.5,-2,2,1,1
4148,2017,Boston Celtics,Milwaukee Bucks,204.0,217.0,214.193644284,10.1936442845,13.0,2.80635571551,-1,0,1,0,1,0,0,25,47,24,47,2.0,1,16,1.0,1.0,21,25,28,18,-7.0,-2,2,1,1
4149,2017,Brooklyn Nets,Minnesota Timberwolves,238.0,220.5,214.791480277,23.2085197234,17.5,5.70851972342,1,0,-1,0,0,0,1,25,47,23,47,10.5,2,10,2.0,1.0,17,29,9,37,8.0,-1,-4,2,2
4150,2017,Los Angeles Clippers,Golden State Warriors,242.0,224.0,212.667012346,29.332987654,18.0,11.332987654,1,0,-1,0,0,0,1,24,47,24,48,13.0,2,25,3.0,4.0,39,7,30,17,9.5,1,-1,1,4
4151,2017,Sacramento Kings,Charlotte Hornets,215.0,205.0,207.794039155,7.20596084472,10.0,2.79403915528,1,1,1,1,0,0,0,25,48,26,47,7.0,1,9,1.0,1.0,23,24,18,28,4.5,-3,-1,1,6
4152,2017,Detroit Pistons,Miami Heat,219.0,202.0,199.162456854,19.8375431463,17.0,2.83754314629,1,0,-1,0,0,0,1,23,48,25,47,-3.0,3,17,1.0,5.0,17,30,21,25,-4.5,6,-1,1,1
4153,2017,New York Knicks,Atlanta Hawks,208.0,209.5,205.840890577,2.15910942257,1.5,3.65910942257,-1,0,1,0,1,0,0,24,48,25,49,6.0,4,18,2.0,2.0,27,20,21,27,6.5,-1,1,2,1
4154,2017,Philadelphia 76ers,Chicago Bulls,229.0,205.5,207.118454785,21.8815452155,23.5,1.61845478453,1,1,1,1,0,0,0,26,49,20,46,6.5,2,16,2.0,2.0,23,25,17,28,4.5,-2,-1,3,1
4155,2017,Oklahoma City Thunder,Cleveland Cavaliers,198.0,217.5,209.259045324,11.2590453243,19.5,8.24095467571,-1,0,1,0,1,0,0,26,46,26,48,8.0,1,9,2.0,3.0,31,14,28,19,4.0,1,3,3,1
4156,2017,Houston Rockets,Indiana Pacers,221.0,229.0,226.255702392,5.25570239234,8.0,2.74429760766,-1,0,1,0,1,0,0,24,47,29,51,-3.0,1,9,2.0,2.0,24,22,35,15,-9.0,2,1,2,5
4157,2017,Washington Wizards,New Orleans Pelicans,201.0,221.5,214.207433823,13.2074338227,20.5,7.29256617728,-1,0,1,0,1,0,0,27,48,22,47,-1.0,1,9,2.0,2.0,19,28,26,20,-7.5,1,3,6,2
4158,2017,Golden State Warriors,Portland Trail Blazers,224.0,225.0,216.355646797,7.6443532031,1.0,8.6443532031,-1,0,1,0,1,0,0,23,49,24,48,-6.0,4,23,2.0,1.0,21,27,40,7,-19.5,3,2,3,1
4159,2017,Dallas Mavericks,San Antonio Spurs,206.0,195.5,192.878596841,13.1214031587,10.5,2.62140315874,1,0,-1,0,0,0,1,22,47,25,47,12.0,3,26,2.0,3.0,36,10,16,30,20.0,-1,-1,1,2
4160,2017,Orlando Magic,Toronto Raptors,227.0,211.5,212.255728003,14.7442719967,15.5,0.755728003307,1,1,1,1,0,0,0,25,48,26,49,11.0,2,16,2.0,2.0,29,18,18,30,11.5,1,-3,2,2
4161,2017,Memphis Grizzlies,Phoenix Suns,211.0,207.0,202.545745307,8.45425469289,4.0,4.45425469289,1,0,-1,0,0,0,1,23,48,25,50,-3.5,1,16,2.0,2.0,15,32,28,21,-12.0,-3,1,2,3
4162,2017,Sacramento Kings,Philadelphia 76ers,241.0,207.0,202.703977636,38.2960223638,34.0,4.29602236385,1,0,-1,0,0,0,1,27,47,27,48,-3.0,2,10,1.0,2.0,17,29,19,28,-1.5,-2,1,1,7
4163,2017,Orlando Magic,Minnesota Timberwolves,196.0,212.5,213.197280802,17.1972808015,16.5,0.69728080155,-1,1,-1,0,0,1,0,26,48,27,50,8.0,2,10,2.0,1.0,18,29,19,30,0.0,1,1,3,3
4164,2017,Detroit Pistons,Boston Celtics,222.0,217.0,212.162099893,9.83790010749,5.0,4.83790010749,1,0,-1,0,0,0,1,24,48,26,48,5.0,3,17,2.0,2.0,29,18,21,26,8.0,3,-2,1,2
4165,2017,Cleveland Cavaliers,Dallas Mavericks,201.0,208.5,203.524800191,2.52480019071,7.5,4.97519980929,-1,0,1,0,1,0,0,23,48,21,47,-4.5,2,10,1.0,1.0,17,30,32,14,-15.5,1,2,1,1
4166,2017,Brooklyn Nets,Miami Heat,200.0,218.5,210.341358588,10.3413585884,18.5,8.15864141161,-1,0,1,0,1,0,0,24,49,24,48,7.5,2,22,2.0,2.0,18,30,9,38,8.5,7,-5,2,3
4167,2017,New Orleans Pelicans,Toronto Raptors,192.0,212.0,211.066685053,19.0666850527,20.0,0.933314947295,-1,0,1,0,1,0,0,26,49,22,49,7.5,1,9,2.0,2.0,29,19,19,29,10.0,-1,-1,3,1
4168,2017,Sacramento Kings,Houston Rockets,188.0,225.5,218.015489336,30.0154893364,37.5,7.48451066362,-1,0,1,0,1,0,0,23,52,28,49,12.0,3,17,2.0,1.0,35,16,19,29,14.5,-1,-1,1,8
4169,2017,Denver Nuggets,Los Angeles Lakers,236.0,226.5,216.221218748,19.7787812517,9.5,10.2787812517,1,0,-1,0,0,0,1,25,51,24,47,1.0,2,17,5.0,3.0,16,34,21,25,-7.0,-3,3,1,2
4170,2017,Charlotte Hornets,Portland Trail Blazers,213.0,215.0,213.029321026,0.0293210264419,2.0,1.97067897356,-1,0,1,0,1,0,0,24,50,24,49,4.0,2,10,2.0,3.0,21,28,23,25,-2.5,-1,-4,4,1
4171,2017,Oklahoma City Thunder,San Antonio Spurs,202.0,210.0,208.040472055,6.04047205474,8.0,1.95952794526,-1,0,1,0,1,0,0,23,48,27,49,9.5,1,28,2.0,2.0,36,11,28,20,8.5,-2,-1,2,2
4172,2017,New York Knicks,Washington Wizards,218.0,215.0,213.949470083,4.05052991704,3.0,1.05052991704,1,0,-1,0,0,0,1,26,48,26,50,8.5,3,17,2.0,2.0,27,20,21,28,7.0,4,-1,1,2
