,GameDate,GameTime,HostName,HostScore,GuestName,GuestScore,host_shortname,GameId,gq1,gq2,gq3,gq4,got1,got2,got3,got4,hq1,hq2,hq3,hq4,hot1,hot2,hot3,hot4,total_score,gPace,geFG%,gTOV%,gORB%,gFT/FGA,gORtg,hPace,heFG%,hTOV%,hORB%,hFT/FGA,hORtg,gFG,gFGA,gFG%,g3P,g3PA,g3P%,gFT,gFTA,gFT%,gORB,gDRB,gTRB,gAST,gSTL,gBLK,gTOV,gPF,gPTS,gTS%,g3PAR,gFTr,gDRB%,gTRB%,gAST%,gSTL%,gBLK%,gDRtg,hFG,hFGA,hFG%,h3P,h3PA,h3P%,hFT,hFTA,hFT%,hORB,hDRB,hTRB,hAST,hSTL,hBLK,hTOV,hPF,hPTS,hTS%,h3PAR,hFTr,hDRB%,hTRB%,hAST%,hSTL%,hBLK%,hDRtg
166,"Tue, Jan 24, 2017",9:00 pm,Denver Nuggets,103,Utah Jazz,93,DEN,201701240DEN,22,17,28,26,0,0,0,0,18,33,29,23,0,0,0,0,196,94.6,0.453,10.5,18.2,0.188,98.3,94.6,0.526,13.5,17.9,0.303,108.9,35.0,85.0,0.412,7.0,22.0,0.318,16.0,21.0,0.762,8.0,32.0,40.0,19.0,6.0,3.0,11.0,21.0,93.0,0.493,0.259,0.247,82.1,48.2,54.3,6.3,6.0,108.9,35.0,76.0,0.461,10.0,26.0,0.385,23.0,31.0,0.742,7.0,36.0,43.0,28.0,7.0,6.0,14.0,15.0,103.0,0.575,0.342,0.408,81.8,51.8,80.0,7.4,9.5,98.3
167,"Tue, Jan 24, 2017",7:00 pm,Orlando Magic,92,Chicago Bulls,100,ORL,201701240ORL,20,32,26,22,0,0,0,0,22,27,24,19,0,0,0,0,192,97.4,0.5,12.6,14.3,0.299,102.7,97.4,0.453,16.8,24.0,0.176,94.5,35.0,77.0,0.455,7.0,22.0,0.318,23.0,30.0,0.767,6.0,38.0,44.0,12.0,13.0,6.0,13.0,19.0,100.0,0.554,0.286,0.39,76.0,47.8,34.3,13.4,9.5,94.5,35.0,85.0,0.412,7.0,22.0,0.318,15.0,20.0,0.75,12.0,36.0,48.0,18.0,7.0,2.0,19.0,18.0,92.0,0.49,0.259,0.235,85.7,52.2,51.4,7.2,3.6,102.7
168,"Tue, Jan 24, 2017",7:00 pm,Philadelphia 76ers,121,Los Angeles Clippers,110,PHI,201701240PHI,29,39,21,21,0,0,0,0,27,32,30,32,0,0,0,0,231,95.4,0.592,16.0,25.6,0.366,115.3,95.4,0.556,4.8,14.6,0.233,126.9,33.0,71.0,0.465,18.0,34.0,0.529,26.0,41.0,0.634,11.0,35.0,46.0,17.0,4.0,1.0,17.0,22.0,110.0,0.618,0.479,0.577,85.4,54.8,51.5,4.2,1.6,126.9,45.0,90.0,0.5,10.0,29.0,0.345,21.0,22.0,0.955,6.0,32.0,38.0,35.0,8.0,7.0,5.0,27.0,121.0,0.607,0.322,0.244,74.4,45.2,77.8,8.4,18.9,115.3
169,"Tue, Jan 24, 2017",9:00 pm,Phoenix Suns,111,Minnesota Timberwolves,112,PHO,201701240PHO,23,36,28,25,0,0,0,0,27,29,23,32,0,0,0,0,223,98.6,0.56,13.7,24.4,0.214,113.6,98.6,0.483,13.0,28.9,0.326,112.6,44.0,84.0,0.524,6.0,17.0,0.353,18.0,24.0,0.75,10.0,32.0,42.0,24.0,8.0,4.0,15.0,21.0,112.0,0.592,0.202,0.286,71.1,48.8,54.5,8.1,6.0,112.6,38.0,86.0,0.442,7.0,19.0,0.368,28.0,32.0,0.875,13.0,31.0,44.0,20.0,7.0,4.0,15.0,23.0,111.0,0.555,0.221,0.372,75.6,51.2,52.6,7.1,6.0,113.6
170,"Tue, Jan 24, 2017",7:00 pm,Toronto Raptors,106,San Antonio Spurs,108,TOR,201701240TOR,29,32,18,29,0,0,0,0,25,29,25,27,0,0,0,0,214,99.3,0.488,10.8,14.3,0.294,108.8,99.3,0.488,11.9,25.6,0.286,106.7,38.0,85.0,0.447,7.0,24.0,0.292,25.0,33.0,0.758,6.0,29.0,35.0,20.0,7.0,6.0,12.0,18.0,108.0,0.543,0.282,0.388,74.4,43.2,52.6,7.0,10.2,106.7,38.0,84.0,0.452,6.0,25.0,0.24,24.0,28.0,0.857,10.0,36.0,46.0,10.0,9.0,8.0,13.0,25.0,106.0,0.55,0.298,0.333,85.7,56.8,26.3,9.1,13.1,108.8
171,"Tue, Jan 24, 2017",7:00 pm,Washington Wizards,123,Boston Celtics,108,WAS,201701240WAS,24,35,21,28,0,0,0,0,33,33,25,32,0,0,0,0,231,97.7,0.512,12.1,18.6,0.262,110.6,97.7,0.633,14.0,22.6,0.217,125.9,38.0,84.0,0.452,10.0,33.0,0.303,22.0,24.0,0.917,8.0,24.0,32.0,24.0,10.0,3.0,13.0,20.0,108.0,0.571,0.393,0.286,77.4,43.2,63.2,10.2,4.8,125.9,48.0,83.0,0.578,9.0,20.0,0.45,18.0,21.0,0.857,7.0,35.0,42.0,21.0,7.0,4.0,15.0,18.0,123.0,0.667,0.241,0.253,81.4,56.8,43.8,7.2,7.8,110.6
172,"Wed, Jan 25, 2017",7:30 pm,Boston Celtics,120,Houston Rockets,109,BOS,201701250BOS,27,31,28,23,0,0,0,0,24,28,36,32,0,0,0,0,229,101.3,0.532,15.4,14.3,0.351,107.6,101.3,0.577,15.5,33.3,0.165,118.4,36.0,77.0,0.468,10.0,31.0,0.323,27.0,38.0,0.711,6.0,24.0,30.0,28.0,8.0,5.0,17.0,18.0,109.0,0.582,0.403,0.494,66.7,38.5,77.8,7.9,8.5,118.4,47.0,91.0,0.516,11.0,32.0,0.344,15.0,16.0,0.938,12.0,36.0,48.0,33.0,10.0,3.0,18.0,27.0,120.0,0.612,0.352,0.176,85.7,61.5,70.2,9.9,6.5,107.6
173,"Wed, Jan 25, 2017",7:30 pm,Brooklyn Nets,106,Miami Heat,109,BRK,201701250BRK,34,21,16,38,0,0,0,0,30,36,23,17,0,0,0,0,215,97.7,0.548,9.6,17.1,0.217,111.5,97.7,0.519,14.1,10.5,0.288,108.5,40.0,83.0,0.482,11.0,23.0,0.478,18.0,25.0,0.72,6.0,34.0,40.0,23.0,7.0,6.0,10.0,25.0,109.0,0.58,0.277,0.301,89.5,54.8,57.5,7.2,13.3,108.5,35.0,80.0,0.438,13.0,35.0,0.371,23.0,26.0,0.885,4.0,29.0,33.0,20.0,3.0,4.0,15.0,25.0,106.0,0.58,0.438,0.325,82.9,45.2,57.1,3.1,6.7,111.5
174,"Wed, Jan 25, 2017",8:00 pm,Chicago Bulls,114,Atlanta Hawks,119,CHI,201701250CHI,22,29,27,41,0,0,0,0,29,30,24,31,0,0,0,0,233,95.6,0.62,12.5,17.1,0.193,124.5,95.6,0.5,5.4,28.3,0.213,119.2,43.0,83.0,0.518,17.0,30.0,0.567,16.0,19.0,0.842,6.0,33.0,39.0,29.0,5.0,5.0,13.0,20.0,119.0,0.651,0.361,0.229,71.7,48.1,67.4,5.2,7.5,119.2,43.0,94.0,0.457,8.0,27.0,0.296,20.0,26.0,0.769,13.0,29.0,42.0,18.0,6.0,5.0,6.0,16.0,114.0,0.541,0.287,0.277,82.9,51.9,41.9,6.3,9.4,124.5
175,"Wed, Jan 25, 2017",8:00 pm,Charlotte Hornets,103,Golden State Warriors,113,CHO,201701250CHO,29,24,22,38,0,0,0,0,28,19,33,23,0,0,0,0,216,99.2,0.543,11.3,13.9,0.293,113.9,99.2,0.451,12.1,25.0,0.217,103.8,39.0,82.0,0.476,11.0,28.0,0.393,24.0,27.0,0.889,5.0,36.0,41.0,23.0,7.0,14.0,12.0,19.0,113.0,0.602,0.341,0.329,75.0,48.8,59.0,7.1,20.3,103.8,38.0,92.0,0.413,7.0,23.0,0.304,20.0,21.0,0.952,12.0,31.0,43.0,26.0,6.0,6.0,14.0,18.0,103.0,0.509,0.25,0.228,86.1,51.2,68.4,6.0,11.1,113.9
176,"Wed, Jan 25, 2017",7:00 pm,Cleveland Cavaliers,112,Sacramento Kings,116,CLE,201701250CLE,22,31,26,25,12,0,0,0,26,21,35,22,8,0,0,0,208,91.9,0.511,9.5,24.4,0.2,114.4,91.9,0.579,15.7,26.5,0.207,110.4,43.0,95.0,0.453,11.0,31.0,0.355,19.0,22.0,0.864,11.0,36.0,47.0,29.0,13.0,3.0,11.0,28.0,116.0,0.554,0.326,0.232,73.5,50.0,67.4,12.8,6.8,110.4,40.0,82.0,0.488,15.0,38.0,0.395,17.0,34.0,0.5,13.0,34.0,47.0,29.0,9.0,6.0,18.0,21.0,112.0,0.578,0.463,0.415,75.6,50.0,72.5,8.9,9.4,114.4
177,"Wed, Jan 25, 2017",8:30 pm,Dallas Mavericks,103,New York Knicks,95,DAL,201701250DAL,25,26,22,22,0,0,0,0,30,22,26,25,0,0,0,0,198,92.6,0.462,15.6,38.3,0.109,102.6,92.6,0.506,7.0,15.9,0.229,111.2,39.0,92.0,0.424,7.0,23.0,0.304,10.0,12.0,0.833,18.0,37.0,55.0,17.0,4.0,2.0,18.0,21.0,95.0,0.488,0.25,0.13,84.1,60.4,43.6,4.3,3.5,111.2,39.0,83.0,0.47,6.0,26.0,0.231,19.0,24.0,0.792,7.0,29.0,36.0,19.0,10.0,7.0,7.0,12.0,103.0,0.55,0.313,0.289,61.7,39.6,48.7,10.8,10.1,102.6
178,"Wed, Jan 25, 2017",8:00 pm,Memphis Grizzlies,101,Toronto Raptors,99,MEM,201701250MEM,34,23,20,22,0,0,0,0,32,24,31,14,0,0,0,0,200,89.8,0.478,7.4,26.5,0.12,110.2,89.8,0.526,9.2,22.0,0.244,112.4,39.0,92.0,0.424,10.0,34.0,0.294,11.0,19.0,0.579,13.0,32.0,45.0,16.0,6.0,4.0,8.0,22.0,99.0,0.493,0.37,0.207,78.0,50.0,41.0,6.7,7.1,112.4,36.0,78.0,0.462,10.0,22.0,0.455,19.0,25.0,0.76,9.0,36.0,45.0,18.0,3.0,7.0,9.0,17.0,101.0,0.567,0.282,0.321,73.5,50.0,50.0,3.3,12.1,110.2
179,"Wed, Jan 25, 2017",8:00 pm,Milwaukee Bucks,109,Philadelphia 76ers,114,MIL,201701250MIL,33,39,16,26,0,0,0,0,39,19,24,27,0,0,0,0,223,99.1,0.613,19.6,29.0,0.293,115.0,99.1,0.5,15.8,30.6,0.198,109.9,40.0,75.0,0.533,12.0,26.0,0.462,22.0,25.0,0.88,9.0,34.0,43.0,32.0,9.0,4.0,21.0,21.0,114.0,0.663,0.347,0.333,69.4,53.8,80.0,9.1,6.3,109.9,42.0,91.0,0.462,7.0,28.0,0.25,18.0,23.0,0.783,15.0,22.0,37.0,26.0,11.0,4.0,19.0,22.0,109.0,0.539,0.308,0.253,71.0,46.3,61.9,11.1,8.2,115.0
180,"Wed, Jan 25, 2017",8:00 pm,New Orleans Pelicans,105,Oklahoma City Thunder,114,NOP,201701250NOP,33,31,28,22,0,0,0,0,20,25,37,23,0,0,0,0,219,104.9,0.516,13.4,24.5,0.22,108.6,104.9,0.484,10.3,18.9,0.125,100.1,42.0,91.0,0.462,10.0,27.0,0.37,20.0,28.0,0.714,12.0,43.0,55.0,24.0,6.0,11.0,16.0,18.0,114.0,0.552,0.297,0.308,81.1,53.9,57.1,5.7,15.9,100.1,41.0,96.0,0.427,11.0,27.0,0.407,12.0,19.0,0.632,10.0,37.0,47.0,23.0,7.0,9.0,12.0,23.0,105.0,0.503,0.281,0.198,75.5,46.1,56.1,6.7,14.1,108.6
181,"Wed, Jan 25, 2017",10:30 pm,Portland Trail Blazers,105,Los Angeles Lakers,98,POR,201701250POR,31,27,17,23,0,0,0,0,30,29,24,22,0,0,0,0,203,98.0,0.452,11.5,25.9,0.138,100.0,98.0,0.5,10.0,19.6,0.167,107.2,37.0,94.0,0.394,11.0,29.0,0.379,13.0,14.0,0.929,14.0,37.0,51.0,16.0,5.0,9.0,13.0,17.0,98.0,0.489,0.309,0.149,80.4,51.0,43.2,5.1,12.0,107.2,43.0,90.0,0.478,4.0,15.0,0.267,15.0,20.0,0.75,9.0,40.0,49.0,17.0,5.0,4.0,11.0,12.0,105.0,0.531,0.167,0.222,74.1,49.0,39.5,5.1,6.2,100.0
182,"Thu, Jan 26, 2017",9:00 pm,Denver Nuggets,127,Phoenix Suns,120,DEN,201701260DEN,29,32,31,28,0,0,0,0,35,22,39,31,0,0,0,0,247,93.4,0.596,10.2,22.9,0.157,128.4,93.4,0.564,10.6,48.7,0.349,135.9,48.0,89.0,0.539,10.0,24.0,0.417,14.0,17.0,0.824,8.0,20.0,28.0,21.0,8.0,2.0,11.0,26.0,120.0,0.622,0.27,0.191,51.3,37.8,43.8,8.6,3.2,135.9,44.0,86.0,0.512,9.0,23.0,0.391,30.0,35.0,0.857,19.0,27.0,46.0,29.0,5.0,6.0,12.0,15.0,127.0,0.626,0.267,0.407,77.1,62.2,65.9,5.4,9.2,128.4
183,"Thu, Jan 26, 2017",8:00 pm,Minnesota Timberwolves,103,Indiana Pacers,109,MIN,201701260MIN,25,27,24,33,0,0,0,0,20,26,24,33,0,0,0,0,212,97.3,0.58,16.9,17.6,0.185,112.0,97.3,0.506,10.6,13.6,0.259,105.8,42.0,81.0,0.519,10.0,18.0,0.556,15.0,17.0,0.882,6.0,38.0,44.0,21.0,7.0,4.0,18.0,22.0,109.0,0.616,0.222,0.21,86.4,56.4,50.0,7.2,7.4,105.8,36.0,81.0,0.444,10.0,27.0,0.37,21.0,27.0,0.778,6.0,28.0,34.0,27.0,13.0,5.0,11.0,20.0,103.0,0.554,0.333,0.333,82.4,43.6,75.0,13.4,7.9,112.0
184,"Thu, Jan 26, 2017",8:00 pm,Oklahoma City Thunder,109,Dallas Mavericks,98,OKC,201701260OKC,26,29,18,25,0,0,0,0,23,30,34,22,0,0,0,0,207,93.6,0.518,11.8,18.2,0.131,104.7,93.6,0.576,15.4,20.0,0.361,116.5,38.0,84.0,0.452,11.0,26.0,0.423,11.0,13.0,0.846,8.0,28.0,36.0,17.0,10.0,2.0,12.0,26.0,98.0,0.546,0.31,0.155,80.0,45.6,44.7,10.7,4.0,116.5,37.0,72.0,0.514,9.0,22.0,0.409,26.0,36.0,0.722,7.0,36.0,43.0,13.0,7.0,2.0,16.0,17.0,109.0,0.62,0.306,0.5,81.8,54.4,35.1,7.5,3.4,104.7
185,"Thu, Jan 26, 2017",10:30 pm,Utah Jazz,96,Los Angeles Lakers,88,UTA,201701260UTA,16,25,19,28,0,0,0,0,23,21,26,26,0,0,0,0,184,89.5,0.452,11.8,22.7,0.143,98.3,89.5,0.444,7.9,20.8,0.296,107.2,36.0,84.0,0.429,4.0,14.0,0.286,12.0,13.0,0.923,10.0,38.0,48.0,13.0,5.0,2.0,12.0,24.0,88.0,0.49,0.167,0.155,79.2,52.2,36.1,5.6,3.6,107.2,33.0,81.0,0.407,6.0,26.0,0.231,24.0,28.0,0.857,10.0,34.0,44.0,13.0,7.0,6.0,8.0,10.0,96.0,0.514,0.321,0.346,77.3,47.8,39.4,7.8,8.6,98.3
186,"Fri, Jan 27, 2017",8:00 pm,Atlanta Hawks,86,Washington Wizards,112,ATL,201701270ATL,37,30,26,19,0,0,0,0,25,20,23,18,0,0,0,0,198,101.5,0.556,15.6,28.3,0.146,110.3,101.5,0.416,16.8,17.0,0.205,84.7,43.0,89.0,0.483,13.0,31.0,0.419,13.0,19.0,0.684,13.0,39.0,52.0,26.0,12.0,10.0,18.0,24.0,112.0,0.575,0.348,0.213,83.0,55.9,60.5,11.8,19.2,84.7,30.0,83.0,0.361,9.0,31.0,0.29,17.0,25.0,0.68,8.0,33.0,41.0,18.0,9.0,8.0,19.0,16.0,86.0,0.457,0.373,0.301,71.7,44.1,60.0,8.9,13.8,110.3
187,"Fri, Jan 27, 2017",7:30 pm,Boston Celtics,128,Orlando Magic,98,BOS,201701270BOS,24,24,17,33,0,0,0,0,39,29,36,24,0,0,0,0,226,97.8,0.489,10.4,13.0,0.149,100.2,97.8,0.652,9.5,18.4,0.135,130.8,38.0,87.0,0.437,9.0,25.0,0.36,13.0,18.0,0.722,6.0,31.0,37.0,29.0,7.0,2.0,11.0,15.0,98.0,0.516,0.287,0.207,81.6,44.0,76.3,7.2,3.6,130.8,50.0,89.0,0.562,16.0,34.0,0.471,12.0,15.0,0.8,7.0,40.0,47.0,39.0,8.0,4.0,10.0,17.0,128.0,0.669,0.382,0.169,87.0,56.0,78.0,8.2,6.5,100.2
188,"Fri, Jan 27, 2017",8:00 pm,Chicago Bulls,88,Miami Heat,100,CHI,201701270CHI,33,20,24,23,0,0,0,0,24,29,14,21,0,0,0,0,188,96.7,0.511,9.6,17.1,0.101,103.5,96.7,0.437,18.2,20.9,0.241,91.0,41.0,89.0,0.461,9.0,24.0,0.375,9.0,11.0,0.818,7.0,34.0,41.0,25.0,13.0,2.0,10.0,17.0,100.0,0.533,0.27,0.124,79.1,48.8,61.0,13.4,3.0,91.0,33.0,79.0,0.418,3.0,13.0,0.231,19.0,25.0,0.76,9.0,34.0,43.0,19.0,7.0,9.0,20.0,12.0,88.0,0.489,0.165,0.316,82.9,51.2,57.6,7.2,13.8,103.5
189,"Fri, Jan 27, 2017",7:30 pm,Cleveland Cavaliers,124,Brooklyn Nets,116,CLE,201701270CLE,25,22,26,43,0,0,0,0,27,28,39,30,0,0,0,0,240,101.5,0.586,9.6,9.5,0.161,114.3,101.5,0.603,12.2,21.4,0.141,122.1,43.0,87.0,0.494,16.0,33.0,0.485,14.0,16.0,0.875,4.0,33.0,37.0,23.0,9.0,2.0,10.0,15.0,116.0,0.617,0.379,0.184,78.6,44.0,53.5,8.9,3.6,122.1,49.0,92.0,0.533,13.0,36.0,0.361,13.0,20.0,0.65,9.0,38.0,47.0,26.0,4.0,6.0,14.0,14.0,124.0,0.615,0.391,0.217,90.5,56.0,53.1,3.9,11.1,114.3
190,"Fri, Jan 27, 2017",7:00 pm,Indiana Pacers,115,Sacramento Kings,111,IND,201701270IND,30,34,23,17,7,0,0,0,27,28,26,23,11,0,0,0,208,84.3,0.585,18.0,31.3,0.394,119.3,84.3,0.551,9.8,17.5,0.372,123.6,35.0,71.0,0.493,13.0,26.0,0.5,28.0,36.0,0.778,10.0,33.0,43.0,22.0,7.0,1.0,19.0,30.0,111.0,0.639,0.366,0.507,82.5,59.7,62.9,7.5,2.0,123.6,38.0,78.0,0.487,10.0,28.0,0.357,29.0,33.0,0.879,7.0,22.0,29.0,19.0,14.0,4.0,10.0,24.0,115.0,0.621,0.359,0.423,68.8,40.3,50.0,15.0,8.9,119.3
191,"Fri, Jan 27, 2017",8:00 pm,New Orleans Pelicans,119,San Antonio Spurs,103,NOP,201701270NOP,20,37,27,19,0,0,0,0,23,25,37,34,0,0,0,0,222,96.4,0.459,10.9,23.5,0.294,106.9,96.4,0.586,12.4,31.9,0.108,123.5,33.0,85.0,0.388,12.0,28.0,0.429,25.0,29.0,0.862,12.0,32.0,44.0,20.0,10.0,5.0,12.0,13.0,103.0,0.527,0.329,0.341,68.1,44.9,60.6,10.4,7.9,123.5,48.0,93.0,0.516,13.0,30.0,0.433,10.0,14.0,0.714,15.0,39.0,54.0,29.0,8.0,5.0,14.0,20.0,119.0,0.6,0.323,0.151,76.5,55.1,60.4,8.3,8.8,106.9
192,"Fri, Jan 27, 2017",7:30 pm,New York Knicks,110,Charlotte Hornets,107,NYK,201701270NYK,23,28,36,20,0,0,0,0,29,25,28,28,0,0,0,0,217,98.9,0.517,11.9,19.6,0.156,108.2,98.9,0.526,9.0,22.4,0.094,111.3,40.0,90.0,0.444,13.0,37.0,0.351,14.0,15.0,0.933,9.0,38.0,47.0,18.0,5.0,4.0,13.0,16.0,107.0,0.554,0.411,0.167,77.6,49.5,45.0,5.1,5.8,111.3,46.0,96.0,0.479,9.0,27.0,0.333,9.0,13.0,0.692,11.0,37.0,48.0,22.0,8.0,10.0,10.0,18.0,110.0,0.541,0.281,0.135,80.4,50.5,47.8,8.1,18.9,108.2
193,"Fri, Jan 27, 2017",8:00 pm,Philadelphia 76ers,118,Houston Rockets,123,PHI,201701270PHI,31,30,33,29,0,0,0,0,28,33,21,36,0,0,0,0,241,108.6,0.593,19.8,18.8,0.333,113.3,108.6,0.603,19.3,7.9,0.308,108.7,42.0,81.0,0.519,12.0,31.0,0.387,27.0,28.0,0.964,6.0,35.0,41.0,25.0,10.0,4.0,23.0,29.0,123.0,0.659,0.383,0.346,92.1,58.6,59.5,9.2,7.5,108.7,42.0,78.0,0.538,10.0,25.0,0.4,24.0,32.0,0.75,3.0,26.0,29.0,29.0,14.0,6.0,22.0,25.0,118.0,0.641,0.321,0.41,81.3,41.4,69.0,12.9,12.0,113.3
194,"Fri, Jan 27, 2017",10:00 pm,Portland Trail Blazers,112,Memphis Grizzlies,109,POR,201701270POR,24,32,28,25,0,0,0,0,28,34,23,27,0,0,0,0,221,90.6,0.539,10.7,28.6,0.338,120.3,90.6,0.568,11.7,20.0,0.247,123.6,37.0,77.0,0.481,9.0,26.0,0.346,26.0,33.0,0.788,10.0,32.0,42.0,24.0,6.0,5.0,11.0,19.0,109.0,0.595,0.338,0.429,80.0,56.0,64.9,6.6,10.9,123.6,38.0,81.0,0.469,16.0,35.0,0.457,20.0,21.0,0.952,8.0,25.0,33.0,24.0,2.0,3.0,12.0,26.0,112.0,0.621,0.432,0.259,71.4,44.0,63.2,2.2,5.9,120.3
195,"Fri, Jan 27, 2017",7:30 pm,Toronto Raptors,102,Milwaukee Bucks,86,TOR,201701270TOR,19,20,31,16,0,0,0,0,36,17,24,25,0,0,0,0,188,94.2,0.431,17.3,25.5,0.213,91.3,94.2,0.5,12.9,27.9,0.214,108.3,31.0,80.0,0.388,7.0,23.0,0.304,17.0,24.0,0.708,12.0,31.0,43.0,19.0,6.0,7.0,19.0,22.0,86.0,0.475,0.288,0.3,72.1,47.8,61.3,6.4,11.9,108.3,37.0,84.0,0.44,10.0,25.0,0.4,18.0,23.0,0.783,12.0,35.0,47.0,20.0,9.0,11.0,14.0,19.0,102.0,0.542,0.298,0.274,74.5,52.2,54.1,9.6,19.3,91.3
196,"Sat, Jan 28, 2017",7:00 pm,Charlotte Hornets,106,Sacramento Kings,109,CHO,201701280CHO,24,28,33,24,0,0,0,0,22,22,33,29,0,0,0,0,215,88.4,0.589,9.1,22.9,0.203,123.3,88.4,0.56,11.4,18.9,0.293,119.9,41.0,79.0,0.519,11.0,27.0,0.407,16.0,26.0,0.615,8.0,30.0,38.0,27.0,6.0,5.0,9.0,23.0,109.0,0.603,0.342,0.329,81.1,52.8,65.9,6.8,13.2,119.9,36.0,75.0,0.48,12.0,37.0,0.324,22.0,24.0,0.917,7.0,27.0,34.0,24.0,4.0,8.0,11.0,25.0,106.0,0.619,0.493,0.32,77.1,47.2,66.7,4.5,15.4,123.3
197,"Sat, Jan 28, 2017",8:30 pm,Golden State Warriors,144,Los Angeles Clippers,98,GSW,201701280GSW,22,29,23,24,0,0,0,0,31,41,45,27,0,0,0,0,242,97.8,0.512,13.2,17.0,0.171,100.2,97.8,0.712,10.0,27.3,0.141,147.2,36.0,82.0,0.439,12.0,28.0,0.429,14.0,22.0,0.636,8.0,24.0,32.0,24.0,7.0,2.0,14.0,18.0,98.0,0.534,0.341,0.268,72.7,40.0,66.7,7.2,3.4,147.2,57.0,92.0,0.62,17.0,34.0,0.5,13.0,16.0,0.813,9.0,39.0,48.0,35.0,9.0,7.0,11.0,17.0,144.0,0.727,0.37,0.174,83.0,60.0,61.4,9.2,13.0,100.2
198,"Sat, Jan 28, 2017",7:30 pm,Miami Heat,116,Detroit Pistons,103,MIA,201701280MIA,33,27,31,12,0,0,0,0,35,29,26,26,0,0,0,0,219,91.1,0.539,10.4,31.0,0.079,113.1,91.1,0.62,12.7,24.3,0.228,127.4,46.0,89.0,0.517,4.0,12.0,0.333,7.0,12.0,0.583,13.0,28.0,41.0,11.0,7.0,3.0,11.0,16.0,103.0,0.546,0.135,0.135,75.7,51.9,23.9,7.7,5.9,127.4,42.0,79.0,0.532,14.0,28.0,0.5,18.0,23.0,0.783,9.0,29.0,38.0,18.0,5.0,6.0,13.0,19.0,116.0,0.651,0.354,0.291,69.0,48.1,42.9,5.5,7.8,113.1
199,"Sat, Jan 28, 2017",8:00 pm,Milwaukee Bucks,108,Boston Celtics,112,MIL,201701280MIL,42,22,17,21,10,0,0,0,27,26,20,29,6,0,0,0,204,93.8,0.494,11.3,19.1,0.27,108.1,93.8,0.477,12.9,20.5,0.287,104.2,37.0,89.0,0.416,14.0,40.0,0.35,24.0,30.0,0.8,9.0,35.0,44.0,26.0,6.0,7.0,13.0,23.0,112.0,0.548,0.449,0.337,79.5,48.4,70.3,5.8,10.6,104.2,37.0,87.0,0.425,9.0,21.0,0.429,25.0,32.0,0.781,9.0,38.0,47.0,23.0,6.0,6.0,15.0,25.0,108.0,0.534,0.241,0.368,80.9,51.6,62.2,5.8,12.2,108.1
200,"Sat, Jan 28, 2017",9:00 pm,Minnesota Timberwolves,129,Brooklyn Nets,109,MIN,201701280MIN,26,29,23,31,0,0,0,0,33,30,29,37,0,0,0,0,238,103.4,0.524,12.7,12.2,0.235,105.4,103.4,0.56,9.4,25.5,0.283,124.8,41.0,85.0,0.482,7.0,21.0,0.333,20.0,25.0,0.8,5.0,35.0,40.0,20.0,6.0,6.0,14.0,18.0,109.0,0.568,0.247,0.294,74.5,45.5,48.8,5.8,8.3,124.8,47.0,92.0,0.511,9.0,20.0,0.45,26.0,32.0,0.813,12.0,36.0,48.0,27.0,8.0,8.0,11.0,21.0,129.0,0.608,0.217,0.348,87.8,54.5,57.4,7.7,12.5,105.4
201,"Sat, Jan 28, 2017",9:00 pm,Phoenix Suns,112,Denver Nuggets,123,PHO,201701280PHO,21,38,36,28,0,0,0,0,33,28,22,29,0,0,0,0,235,101.6,0.538,12.4,22.0,0.463,121.1,101.6,0.484,8.7,22.0,0.264,110.2,39.0,80.0,0.488,8.0,25.0,0.32,37.0,42.0,0.881,9.0,39.0,48.0,17.0,7.0,3.0,14.0,25.0,123.0,0.624,0.313,0.525,78.0,52.7,43.6,6.9,4.3,110.2,41.0,91.0,0.451,6.0,21.0,0.286,24.0,32.0,0.75,11.0,32.0,43.0,20.0,9.0,3.0,10.0,36.0,112.0,0.533,0.231,0.352,78.0,47.3,48.8,8.9,5.5,121.1
202,"Sat, Jan 28, 2017",9:00 pm,Utah Jazz,95,Memphis Grizzlies,102,UTA,201701280UTA,26,26,28,22,0,0,0,0,27,16,31,21,0,0,0,0,197,82.0,0.581,7.7,20.6,0.113,124.4,82.0,0.548,14.8,14.3,0.435,115.9,41.0,80.0,0.513,11.0,26.0,0.423,9.0,10.0,0.9,7.0,24.0,31.0,13.0,8.0,1.0,7.0,23.0,102.0,0.604,0.325,0.125,85.7,50.0,31.7,9.8,2.7,115.9,29.0,62.0,0.468,10.0,25.0,0.4,27.0,29.0,0.931,4.0,27.0,31.0,19.0,3.0,4.0,13.0,18.0,95.0,0.635,0.403,0.468,79.4,50.0,65.5,3.7,7.4,124.4
203,"Sun, Jan 29, 2017",3:00 pm,Atlanta Hawks,142,New York Knicks,139,ATL,201701290ATL,37,28,16,23,9,10,7,9,30,31,22,21,9,10,7,12,208,91.6,0.469,8.0,24.2,0.148,107.1,91.6,0.479,9.3,26.2,0.235,109.4,51.0,128.0,0.398,18.0,51.0,0.353,19.0,23.0,0.826,15.0,48.0,63.0,32.0,9.0,11.0,12.0,39.0,139.0,0.503,0.398,0.18,73.8,49.6,62.7,6.9,12.5,109.4,52.0,119.0,0.437,10.0,31.0,0.323,28.0,40.0,0.7,17.0,47.0,64.0,36.0,4.0,2.0,14.0,24.0,142.0,0.52,0.261,0.336,75.8,50.4,69.2,3.1,2.6,107.1
204,"Sun, Jan 29, 2017",7:00 pm,Chicago Bulls,121,Philadelphia 76ers,108,CHI,201701290CHI,23,34,30,21,0,0,0,0,37,30,29,25,0,0,0,0,229,101.3,0.495,10.2,22.0,0.101,106.6,101.3,0.551,9.0,23.8,0.258,119.4,44.0,99.0,0.444,10.0,28.0,0.357,10.0,14.0,0.714,11.0,32.0,43.0,26.0,8.0,8.0,12.0,22.0,108.0,0.514,0.283,0.141,76.2,46.7,59.1,7.9,10.7,119.4,45.0,89.0,0.506,8.0,14.0,0.571,23.0,28.0,0.821,10.0,39.0,49.0,29.0,8.0,5.0,10.0,11.0,121.0,0.597,0.157,0.315,78.0,53.3,64.4,7.9,7.0,106.6
205,"Sun, Jan 29, 2017",3:30 pm,Cleveland Cavaliers,107,Oklahoma City Thunder,91,CLE,201701290CLE,24,21,20,26,0,0,0,0,21,37,22,27,0,0,0,0,198,104.0,0.4,13.0,23.2,0.11,87.5,104.0,0.489,9.0,17.6,0.185,102.9,37.0,100.0,0.37,6.0,26.0,0.231,11.0,16.0,0.688,13.0,42.0,55.0,20.0,5.0,4.0,16.0,19.0,91.0,0.425,0.26,0.16,82.4,51.4,54.1,4.8,6.3,102.9,41.0,92.0,0.446,8.0,29.0,0.276,17.0,22.0,0.773,9.0,43.0,52.0,22.0,9.0,6.0,10.0,16.0,107.0,0.526,0.315,0.239,76.8,48.6,53.7,8.7,8.1,87.5
206,"Sun, Jan 29, 2017",6:00 pm,Indiana Pacers,120,Houston Rockets,101,IND,201701290IND,20,23,27,31,0,0,0,0,33,24,33,30,0,0,0,0,221,97.4,0.476,13.8,23.9,0.265,103.7,97.4,0.569,9.2,18.9,0.241,123.2,34.0,83.0,0.41,11.0,39.0,0.282,22.0,25.0,0.88,11.0,30.0,41.0,21.0,7.0,6.0,15.0,24.0,101.0,0.537,0.47,0.301,81.1,49.4,61.8,7.2,9.1,123.2,47.0,87.0,0.54,5.0,21.0,0.238,21.0,26.0,0.808,7.0,35.0,42.0,28.0,9.0,7.0,10.0,21.0,120.0,0.61,0.241,0.299,76.1,50.6,59.6,9.2,15.9,103.7
207,"Sun, Jan 29, 2017",6:00 pm,New Orleans Pelicans,94,Washington Wizards,107,NOP,201701290NOP,29,28,17,33,0,0,0,0,23,17,33,21,0,0,0,0,201,92.4,0.562,9.7,23.8,0.079,115.8,92.4,0.512,13.4,22.2,0.095,101.7,45.0,89.0,0.506,10.0,21.0,0.476,7.0,10.0,0.7,10.0,35.0,45.0,28.0,9.0,3.0,10.0,17.0,107.0,0.573,0.236,0.112,77.8,51.7,62.2,9.7,5.8,101.7,38.0,84.0,0.452,10.0,32.0,0.313,8.0,15.0,0.533,10.0,32.0,42.0,25.0,8.0,3.0,14.0,12.0,94.0,0.519,0.381,0.179,76.2,48.3,65.8,8.7,4.4,115.8
208,"Sun, Jan 29, 2017",9:00 pm,Portland Trail Blazers,111,Golden State Warriors,113,POR,201701290POR,33,20,31,29,0,0,0,0,24,26,24,37,0,0,0,0,224,104.1,0.506,15.8,19.5,0.418,108.6,104.1,0.548,15.5,22.5,0.097,106.7,36.0,79.0,0.456,8.0,26.0,0.308,33.0,39.0,0.846,8.0,31.0,39.0,28.0,13.0,6.0,18.0,18.0,113.0,0.588,0.329,0.494,77.5,48.1,77.8,12.5,9.1,106.7,46.0,93.0,0.495,10.0,27.0,0.37,9.0,12.0,0.75,9.0,33.0,42.0,26.0,11.0,2.0,18.0,24.0,111.0,0.565,0.29,0.129,80.5,51.9,56.5,10.6,3.8,108.6
209,"Sun, Jan 29, 2017",7:00 pm,San Antonio Spurs,101,Dallas Mavericks,105,SAS,201701290SAS,27,22,28,28,0,0,0,0,28,31,22,20,0,0,0,0,206,94.5,0.517,6.0,13.0,0.172,111.1,94.5,0.518,10.6,14.6,0.181,106.9,39.0,87.0,0.448,12.0,34.0,0.353,15.0,16.0,0.938,6.0,35.0,41.0,20.0,6.0,5.0,6.0,19.0,105.0,0.558,0.391,0.184,85.4,47.1,51.3,6.3,8.2,106.9,39.0,83.0,0.47,8.0,22.0,0.364,15.0,23.0,0.652,6.0,40.0,46.0,26.0,2.0,5.0,11.0,20.0,101.0,0.542,0.265,0.277,87.0,52.9,66.7,2.1,9.4,111.1
210,"Sun, Jan 29, 2017",6:00 pm,Toronto Raptors,113,Orlando Magic,114,TOR,201701290TOR,27,33,22,32,0,0,0,0,36,15,27,35,0,0,0,0,227,94.4,0.595,11.7,16.2,0.253,120.8,94.4,0.532,10.4,23.1,0.367,119.7,42.0,79.0,0.532,10.0,23.0,0.435,20.0,26.0,0.769,6.0,30.0,36.0,25.0,6.0,6.0,12.0,28.0,114.0,0.63,0.291,0.329,76.9,47.4,59.5,6.4,11.8,119.7,36.0,79.0,0.456,12.0,28.0,0.429,29.0,36.0,0.806,9.0,31.0,40.0,19.0,8.0,3.0,11.0,20.0,113.0,0.596,0.354,0.456,83.8,52.6,52.8,8.5,5.4,120.8
211,"Mon, Jan 30, 2017",8:00 pm,Boston Celtics,113,Detroit Pistons,109,BOS,201701300BOS,25,21,24,39,0,0,0,0,26,28,25,34,0,0,0,0,222,99.7,0.459,6.0,24.0,0.206,109.3,99.7,0.518,8.5,13.3,0.341,113.4,43.0,97.0,0.443,3.0,27.0,0.111,20.0,29.0,0.69,12.0,39.0,51.0,18.0,6.0,7.0,7.0,23.0,109.0,0.497,0.278,0.299,86.7,53.7,41.9,6.0,14.0,113.4,36.0,82.0,0.439,13.0,32.0,0.406,28.0,33.0,0.848,6.0,38.0,44.0,23.0,6.0,5.0,9.0,18.0,113.0,0.585,0.39,0.402,76.0,46.3,63.9,6.0,7.1,109.3
212,"Mon, Jan 30, 2017",8:30 pm,Dallas Mavericks,104,Cleveland Cavaliers,97,DAL,201701300DAL,29,21,20,27,0,0,0,0,26,29,26,23,0,0,0,0,201,92.5,0.547,16.8,15.8,0.2,104.9,92.5,0.506,8.7,21.7,0.198,112.5,35.0,75.0,0.467,12.0,32.0,0.375,15.0,21.0,0.714,6.0,36.0,42.0,17.0,6.0,3.0,17.0,17.0,97.0,0.576,0.427,0.28,78.3,50.0,48.6,6.5,5.6,112.5,39.0,86.0,0.453,9.0,32.0,0.281,17.0,18.0,0.944,10.0,32.0,42.0,19.0,11.0,2.0,9.0,17.0,104.0,0.554,0.372,0.209,84.2,50.0,48.7,11.9,4.7,104.9
213,"Mon, Jan 30, 2017",7:30 pm,Miami Heat,104,Brooklyn Nets,96,MIA,201701300MIA,32,20,25,19,0,0,0,0,28,28,28,20,0,0,0,0,200,95.2,0.448,14.2,34.1,0.207,100.8,95.2,0.543,10.7,11.6,0.183,109.2,37.0,87.0,0.425,4.0,26.0,0.154,18.0,22.0,0.818,15.0,38.0,53.0,16.0,7.0,4.0,16.0,23.0,96.0,0.496,0.299,0.253,88.4,60.9,43.2,7.4,7.1,109.2,39.0,82.0,0.476,11.0,26.0,0.423,15.0,23.0,0.652,5.0,29.0,34.0,22.0,9.0,8.0,11.0,18.0,104.0,0.564,0.317,0.28,65.9,39.1,56.4,9.5,13.1,100.8
214,"Mon, Jan 30, 2017",8:00 pm,Minnesota Timberwolves,111,Orlando Magic,105,MIN,201701300MIN,23,28,28,19,7,0,0,0,26,26,28,18,13,0,0,0,196,92.2,0.479,9.5,21.2,0.135,103.1,92.2,0.5,9.6,21.3,0.207,109.0,41.0,96.0,0.427,10.0,35.0,0.286,13.0,19.0,0.684,11.0,37.0,48.0,22.0,7.0,3.0,11.0,25.0,105.0,0.503,0.365,0.198,78.7,48.5,53.7,6.9,4.8,109.0,40.0,92.0,0.435,12.0,29.0,0.414,19.0,26.0,0.731,10.0,41.0,51.0,29.0,3.0,11.0,11.0,20.0,111.0,0.537,0.315,0.283,78.8,51.5,72.5,2.9,18.0,103.1
215,"Mon, Jan 30, 2017",6:00 pm,Philadelphia 76ers,122,Sacramento Kings,119,PHI,201701300PHI,35,20,30,34,0,0,0,0,21,27,42,32,0,0,0,0,241,95.5,0.642,18.7,31.0,0.324,124.6,95.5,0.608,12.9,27.3,0.253,127.8,41.0,74.0,0.554,13.0,29.0,0.448,24.0,29.0,0.828,9.0,24.0,33.0,31.0,7.0,3.0,20.0,28.0,119.0,0.686,0.392,0.392,72.7,53.2,75.6,7.3,5.8,127.8,45.0,83.0,0.542,11.0,31.0,0.355,21.0,26.0,0.808,9.0,20.0,29.0,32.0,13.0,2.0,14.0,18.0,122.0,0.646,0.373,0.313,69.0,46.8,71.1,13.6,4.4,124.6
216,"Mon, Jan 30, 2017",10:30 pm,Phoenix Suns,96,Memphis Grizzlies,115,PHO,201701300PHO,31,28,29,27,0,0,0,0,28,20,22,26,0,0,0,0,211,94.6,0.588,15.8,25.6,0.263,121.5,94.6,0.453,15.7,27.7,0.392,101.5,39.0,80.0,0.488,16.0,28.0,0.571,21.0,24.0,0.875,10.0,34.0,44.0,25.0,13.0,2.0,17.0,27.0,115.0,0.635,0.35,0.3,72.3,51.2,64.1,13.7,3.6,101.5,31.0,74.0,0.419,5.0,19.0,0.263,29.0,39.0,0.744,13.0,29.0,42.0,11.0,8.0,8.0,17.0,19.0,96.0,0.527,0.257,0.527,74.4,48.8,35.5,8.5,15.4,121.5
217,"Tue, Jan 31, 2017",8:00 pm,Houston Rockets,105,Sacramento Kings,83,HOU,201701310HOU,24,11,22,26,0,0,0,0,29,25,28,23,0,0,0,0,188,96.5,0.395,10.1,16.9,0.174,86.0,96.5,0.529,12.9,23.9,0.176,108.8,30.0,86.0,0.349,8.0,29.0,0.276,15.0,26.0,0.577,10.0,35.0,45.0,22.0,9.0,7.0,11.0,17.0,83.0,0.426,0.337,0.302,76.1,42.9,73.3,9.3,17.5,108.8,38.0,85.0,0.447,14.0,45.0,0.311,15.0,22.0,0.682,11.0,49.0,60.0,28.0,4.0,3.0,14.0,24.0,105.0,0.554,0.529,0.259,83.1,57.1,73.7,4.1,5.3,86.0
218,"Tue, Jan 31, 2017",10:30 pm,Los Angeles Lakers,120,Denver Nuggets,116,LAL,201701310LAL,30,29,17,40,0,0,0,0,30,24,27,39,0,0,0,0,236,98.2,0.49,9.2,37.0,0.192,118.1,98.2,0.596,13.4,24.4,0.157,122.2,41.0,99.0,0.414,15.0,27.0,0.556,19.0,23.0,0.826,20.0,31.0,51.0,26.0,12.0,5.0,11.0,18.0,116.0,0.532,0.273,0.232,75.6,53.7,63.4,12.2,7.9,122.2,47.0,89.0,0.528,12.0,26.0,0.462,14.0,18.0,0.778,10.0,34.0,44.0,25.0,7.0,10.0,15.0,16.0,120.0,0.619,0.292,0.202,63.0,46.3,53.2,7.1,13.9,118.1
219,"Tue, Jan 31, 2017",10:00 pm,Portland Trail Blazers,115,Charlotte Hornets,98,POR,201701310POR,23,27,18,30,0,0,0,0,28,28,30,29,0,0,0,0,213,98.2,0.464,8.7,7.0,0.253,99.8,98.2,0.511,7.2,22.0,0.215,117.1,33.0,83.0,0.398,11.0,31.0,0.355,21.0,25.0,0.84,3.0,39.0,42.0,20.0,3.0,6.0,9.0,13.0,98.0,0.521,0.373,0.301,78.0,45.2,60.6,3.1,9.7,117.1,42.0,93.0,0.452,11.0,31.0,0.355,20.0,23.0,0.87,11.0,40.0,51.0,23.0,8.0,2.0,8.0,18.0,115.0,0.558,0.333,0.247,93.0,54.8,54.8,8.1,3.8,99.8
220,"Tue, Jan 31, 2017",8:30 pm,San Antonio Spurs,108,Oklahoma City Thunder,94,SAS,201701310SAS,17,25,33,19,0,0,0,0,31,21,27,29,0,0,0,0,202,105.7,0.394,16.8,23.1,0.318,88.9,105.7,0.471,14.2,20.8,0.314,102.1,30.0,85.0,0.353,7.0,28.0,0.25,27.0,32.0,0.844,12.0,38.0,50.0,21.0,12.0,7.0,20.0,30.0,94.0,0.474,0.329,0.376,79.2,50.0,70.0,11.3,10.8,102.1,37.0,86.0,0.43,7.0,21.0,0.333,27.0,38.0,0.711,10.0,40.0,50.0,16.0,12.0,13.0,17.0,25.0,108.0,0.526,0.244,0.442,76.9,50.0,43.2,11.3,22.8,88.9
221,"Tue, Jan 31, 2017",7:00 pm,Toronto Raptors,108,New Orleans Pelicans,106,TOR,201701310TOR,25,35,15,21,10,0,0,0,23,23,31,19,12,0,0,0,192,89.4,0.489,9.7,24.5,0.149,107.4,89.4,0.511,12.2,27.7,0.128,109.5,40.0,94.0,0.426,12.0,30.0,0.4,14.0,19.0,0.737,13.0,34.0,47.0,17.0,11.0,7.0,11.0,16.0,106.0,0.518,0.319,0.202,72.3,47.0,42.5,11.1,11.1,109.5,43.0,94.0,0.457,10.0,31.0,0.323,12.0,15.0,0.8,13.0,40.0,53.0,19.0,5.0,6.0,14.0,19.0,108.0,0.537,0.33,0.16,75.5,53.0,44.2,5.1,9.4,107.4
222,"Tue, Jan 31, 2017",7:00 pm,Washington Wizards,117,New York Knicks,101,WAS,201701310WAS,28,26,22,25,0,0,0,0,28,31,32,26,0,0,0,0,218,95.8,0.392,10.0,37.3,0.301,105.4,95.8,0.597,11.3,23.7,0.136,122.1,34.0,93.0,0.366,5.0,24.0,0.208,28.0,35.0,0.8,22.0,29.0,51.0,18.0,8.0,2.0,12.0,17.0,101.0,0.466,0.258,0.376,76.3,52.6,52.9,8.4,3.0,122.1,49.0,88.0,0.557,7.0,22.0,0.318,12.0,15.0,0.8,9.0,37.0,46.0,27.0,4.0,5.0,12.0,25.0,117.0,0.618,0.25,0.17,62.7,47.4,55.1,4.2,7.2,105.4
